0.00000000e+000	3.61796856e+001
9.33644548e-002	3.62021045e+001
1.86728910e-001	3.62245269e+001
2.80093364e-001	3.62469530e+001
3.73457819e-001	3.62693829e+001
4.66822274e-001	3.62918166e+001
5.60186729e-001	3.63142540e+001
6.53551184e-001	3.63366952e+001
7.46915639e-001	3.63687203e+001
8.40280093e-001	3.64014333e+001
9.33644548e-001	3.64341463e+001
1.02700900e+000	3.64979741e+001
1.12037346e+000	3.65635918e+001
1.21373791e+000	3.66292435e+001
1.30710237e+000	3.66949289e+001
1.40046682e+000	3.67606481e+001
1.49383128e+000	3.68264007e+001
1.58719573e+000	3.69052996e+001
1.68056019e+000	3.70009351e+001
1.77392464e+000	3.71498389e+001
1.86728910e+000	3.73081334e+001
1.96065355e+000	3.74664382e+001
2.05401801e+000	3.76247533e+001
2.14738246e+000	3.77830785e+001
2.24074692e+000	3.79414137e+001
2.33411137e+000	3.80997587e+001
2.42747583e+000	3.82581134e+001
2.52084028e+000	3.84164778e+001
2.61420473e+000	3.85855255e+001
2.70756919e+000	3.87554975e+001
2.80093364e+000	3.89254863e+001
2.89429810e+000	3.90469788e+001
2.98766255e+000	3.91394690e+001
3.08102701e+000	3.92319831e+001
3.17439146e+000	3.93245209e+001
3.26775592e+000	3.94170823e+001
3.36112037e+000	3.95096672e+001
3.45448483e+000	3.96022753e+001
3.54784928e+000	3.96949065e+001
3.64121374e+000	3.99883221e+001
3.73457819e+000	4.02946418e+001
3.82794265e+000	4.06011642e+001
3.92130710e+000	4.09078849e+001
4.01467156e+000	4.12147994e+001
4.10803601e+000	4.15219034e+001
4.20140047e+000	4.18291927e+001
4.29476492e+000	4.21366633e+001
4.38812938e+000	4.24443113e+001
4.48149383e+000	4.27521328e+001
4.57485829e+000	4.30601240e+001
4.66822274e+000	4.33682815e+001
4.76158720e+000	4.37036656e+001
4.85495165e+000	4.40502540e+001
4.94831611e+000	4.43991380e+001
5.04168056e+000	4.47493906e+001
5.13504502e+000	4.51017492e+001
5.22840947e+000	4.54541167e+001
5.32177392e+000	4.58064929e+001
5.41513838e+000	4.61588776e+001
5.50850283e+000	4.65112706e+001
5.60186729e+000	4.68636717e+001
5.69523174e+000	4.72160807e+001
5.78859620e+000	4.75684975e+001
5.88196065e+000	4.79209219e+001
5.97532511e+000	4.82733537e+001
6.06868956e+000	4.86257928e+001
6.16205402e+000	4.89782390e+001
6.25541847e+000	4.93306921e+001
6.34878293e+000	4.96831521e+001
6.44214738e+000	5.00356187e+001
6.53551184e+000	5.03880918e+001
6.62887629e+000	5.08513786e+001
6.72224075e+000	5.14974223e+001
6.81560520e+000	5.21441657e+001
6.90896966e+000	5.27915832e+001
7.00233411e+000	5.34396503e+001
7.09569857e+000	5.40883436e+001
7.18906302e+000	5.47376408e+001
7.28242748e+000	5.53658659e+001
7.37579193e+000	5.59236576e+001
7.46915639e+000	5.64814559e+001
7.56252084e+000	5.70392608e+001
7.65588530e+000	5.75970719e+001
7.74924975e+000	5.81548891e+001
7.84261420e+000	5.87127123e+001
7.93597866e+000	5.92705412e+001
8.02934311e+000	5.98283758e+001
8.12270757e+000	6.03862158e+001
8.21607202e+000	6.09440611e+001
8.30943648e+000	6.15019115e+001
8.40280093e+000	6.20597670e+001
8.49616539e+000	6.26176274e+001
8.58952984e+000	6.31754925e+001
8.68289430e+000	6.37333622e+001
8.77625875e+000	6.42912365e+001
8.86962321e+000	6.48491151e+001
8.96298766e+000	6.54069981e+001
9.05635212e+000	6.59648852e+001
9.14971657e+000	6.65227764e+001
9.24308103e+000	6.70806715e+001
9.33644548e+000	6.76191303e+001
9.42980994e+000	6.81378699e+001
9.52317439e+000	6.86566735e+001
9.61653885e+000	6.91755396e+001
9.70990330e+000	6.96944669e+001
9.80326776e+000	7.02134539e+001
9.89663221e+000	7.07324995e+001
9.98999667e+000	7.12516023e+001
1.00833611e+001	7.20542658e+001
1.01767256e+001	7.31461261e+001
1.02700900e+001	7.42397791e+001
1.03634545e+001	7.53351467e+001
1.04568189e+001	7.64321551e+001
1.05501834e+001	7.75307349e+001
1.06435478e+001	7.86308200e+001
1.07369123e+001	7.97323482e+001
1.08302768e+001	8.08352606e+001
1.09236412e+001	8.19395011e+001
1.10170057e+001	8.30493002e+001
1.11103701e+001	8.41764195e+001
1.12037346e+001	8.53038425e+001
1.12970990e+001	8.64315572e+001
1.13904635e+001	8.75595524e+001
1.14838279e+001	8.86878174e+001
1.15771924e+001	8.98163420e+001
1.16705569e+001	9.09451165e+001
1.17639213e+001	9.20741317e+001
1.18572858e+001	9.32033790e+001
1.19506502e+001	9.43328499e+001
1.20440147e+001	9.54625366e+001
1.21373791e+001	9.65701705e+001
1.22307436e+001	9.76478188e+001
1.23241080e+001	9.87271448e+001
1.24174725e+001	9.98080942e+001
1.25108369e+001	1.00890615e+002
1.26042014e+001	1.01974656e+002
1.26975659e+001	1.03060171e+002
1.27909303e+001	1.04147112e+002
1.28842948e+001	1.05235437e+002
1.29776592e+001	1.06325102e+002
1.30710237e+001	1.07416066e+002
1.31643881e+001	1.08508291e+002
1.32577526e+001	1.09601738e+002
1.33511170e+001	1.10696372e+002
1.34444815e+001	1.11792157e+002
1.35378459e+001	1.12889060e+002
1.36312104e+001	1.13972461e+002
1.37245749e+001	1.15055880e+002
1.38179393e+001	1.16139908e+002
1.39113038e+001	1.17224530e+002
1.40046682e+001	1.18309729e+002
1.40980327e+001	1.19395489e+002
1.41913971e+001	1.20481794e+002
1.42847616e+001	1.21568631e+002
1.43781260e+001	1.22655985e+002
1.44714905e+001	1.23743843e+002
1.45648550e+001	1.24832191e+002
1.46582194e+001	1.25921017e+002
1.47515839e+001	1.27481284e+002
1.48449483e+001	1.30122088e+002
1.49383128e+001	1.32762893e+002
1.50316772e+001	1.35403697e+002
1.51250417e+001	1.38044501e+002
1.52184061e+001	1.40685306e+002
1.53117706e+001	1.43326110e+002
1.54051350e+001	1.45966915e+002
1.54984995e+001	1.48476490e+002
1.55918640e+001	1.50920773e+002
1.56852284e+001	1.53365082e+002
1.57785929e+001	1.55809416e+002
1.58719573e+001	1.58253774e+002
1.59653218e+001	1.60698156e+002
1.60586862e+001	1.63142559e+002
1.61520507e+001	1.65586983e+002
1.62454151e+001	1.68031427e+002
1.63387796e+001	1.70475891e+002
1.64321440e+001	1.72920372e+002
1.65255085e+001	1.75364872e+002
1.66188730e+001	1.77518195e+002
1.67122374e+001	1.79602727e+002
1.68056019e+001	1.81700959e+002
1.68989663e+001	1.83812423e+002
1.69923308e+001	1.85936667e+002
1.70856952e+001	1.88073259e+002
1.71790597e+001	1.90221782e+002
1.72724241e+001	1.92540866e+002
1.73657886e+001	1.95892977e+002
1.74591531e+001	1.99248456e+002
1.75525175e+001	2.02607135e+002
1.76458820e+001	2.05968858e+002
1.77392464e+001	2.09333478e+002
1.78326109e+001	2.12700858e+002
1.79259753e+001	2.16070869e+002
1.80193398e+001	2.19443389e+002
1.81127042e+001	2.22818305e+002
1.82060687e+001	2.26195509e+002
1.82994331e+001	2.29574900e+002
1.83927976e+001	2.32956384e+002
1.84861621e+001	2.36339870e+002
1.85795265e+001	2.39725273e+002
1.86728910e+001	2.43112514e+002
1.87662554e+001	2.46501517e+002
1.88596199e+001	2.49892210e+002
1.89529843e+001	2.53284525e+002
1.90463488e+001	2.56678397e+002
1.91397132e+001	2.60073767e+002
1.92330777e+001	2.63470575e+002
1.93264421e+001	2.66868768e+002
1.94198066e+001	2.72038548e+002
1.95131711e+001	2.79038409e+002
1.96065355e+001	2.86057053e+002
1.96999000e+001	2.93093131e+002
1.97932644e+001	3.00145416e+002
1.98866289e+001	3.07212792e+002
1.99799933e+001	3.14294241e+002
2.00733578e+001	3.21388834e+002
2.01667222e+001	3.28495718e+002
2.02600867e+001	3.40164198e+002
2.03534512e+001	3.53375135e+002
2.04468156e+001	3.66637569e+002
2.05401801e+001	3.79946109e+002
2.06335445e+001	3.93296073e+002
2.07269090e+001	4.06683383e+002
2.08202734e+001	4.20104468e+002
2.09136379e+001	4.33556192e+002
2.10070023e+001	4.47035788e+002
2.11003668e+001	4.60540810e+002
2.11937312e+001	4.74069084e+002
2.12870957e+001	4.87618675e+002
2.13804602e+001	4.99832519e+002
2.14738246e+001	5.10416148e+002
2.15671891e+001	5.21365699e+002
2.16605535e+001	5.34130962e+002
2.17539180e+001	5.65280899e+002
2.18472824e+001	6.04971580e+002
2.19406469e+001	6.44693491e+002
2.20340113e+001	6.84441194e+002
2.21273758e+001	7.24210443e+002
2.22207402e+001	7.63997873e+002
2.23141047e+001	8.03800785e+002
2.24074692e+001	8.43616986e+002
2.25008336e+001	8.83444681e+002
2.25941981e+001	9.23282381e+002
2.26875625e+001	9.63128846e+002
2.27809270e+001	1.00298303e+003
2.28742914e+001	1.04284405e+003
2.29676559e+001	1.08271115e+003
2.30610203e+001	1.12258368e+003
2.31543848e+001	1.16246108e+003
2.32477492e+001	1.19966813e+003
2.33411137e+001	1.31196136e+003
2.34344782e+001	1.42658051e+003
2.35278426e+001	1.54122154e+003
2.36212071e+001	1.65587989e+003
2.37145715e+001	1.77055221e+003
2.38079360e+001	1.88523594e+003
2.39013004e+001	1.99992912e+003
2.39946649e+001	2.11463021e+003
2.40880293e+001	2.22933800e+003
2.41813938e+001	2.62682153e+003
2.42747583e+001	3.04296710e+003
2.43681227e+001	3.45915985e+003
2.44614872e+001	3.87538458e+003
2.45548516e+001	4.24234281e+003
2.46482161e+001	4.70648088e+003
2.47415805e+001	5.16172370e+003
2.48349450e+001	5.61697092e+003
2.49283094e+001	6.07222154e+003
2.50216739e+001	6.52747484e+003
2.51150383e+001	6.67416247e+003
2.52084028e+001	6.78864546e+003
2.53017673e+001	6.92655390e+003
2.53951317e+001	7.05399334e+003
2.54884962e+001	7.04109057e+003
2.55818606e+001	7.05311907e+003
2.56752251e+001	7.09962041e+003
2.57685895e+001	7.12072753e+003
2.58619540e+001	7.12224836e+003
2.59553184e+001	7.12710468e+003
2.60486829e+001	7.13196106e+003
2.61420473e+001	7.13681751e+003
2.62354118e+001	7.13897467e+003
2.63287763e+001	7.14129435e+003
2.64221407e+001	7.14125972e+003
2.65155052e+001	7.14152642e+003
2.66088696e+001	7.14182603e+003
2.67022341e+001	7.14212565e+003
2.67955985e+001	7.14244505e+003
2.68889630e+001	7.14277961e+003
2.69823274e+001	7.14281959e+003
2.70756919e+001	7.14278530e+003
2.71690564e+001	7.14278363e+003
2.72624208e+001	7.14278197e+003
2.73557853e+001	7.14279002e+003
2.74491497e+001	7.14285766e+003
2.75425142e+001	7.14288320e+003
2.76358786e+001	7.14286632e+003
2.77292431e+001	7.14285961e+003
2.78226075e+001	7.14285289e+003
2.79159720e+001	7.14284617e+003
2.80093364e+001	7.14285526e+003
2.81027009e+001	7.14286808e+003
2.81960654e+001	7.14286367e+003
2.82894298e+001	7.14286098e+003
2.83827943e+001	7.14285895e+003
2.84761587e+001	7.14285692e+003
2.85695232e+001	7.14285631e+003
2.86628876e+001	7.14285920e+003
2.87562521e+001	7.14285911e+003
2.88496165e+001	7.14285797e+003
2.89429810e+001	7.14285754e+003
2.90363454e+001	7.14285728e+003
2.91297099e+001	7.14285723e+003
2.92230744e+001	7.14285697e+003
2.93164388e+001	7.14285662e+003
2.94098033e+001	7.14285675e+003
2.95031677e+001	7.14285689e+003
2.95965322e+001	7.14285685e+003
2.96898966e+001	7.14285669e+003
2.97832611e+001	7.14285662e+003
2.98766255e+001	7.14285652e+003
2.99699900e+001	7.14285637e+003
3.00633545e+001	7.14285571e+003
3.01567189e+001	7.14285499e+003
3.02500834e+001	7.14285473e+003
3.03434478e+001	7.14285447e+003
3.04368123e+001	7.14285054e+003
3.05301767e+001	7.14284519e+003
3.06235412e+001	7.14284212e+003
3.07169056e+001	7.14284067e+003
3.08102701e+001	7.14283239e+003
3.09036345e+001	7.14282628e+003
3.09969990e+001	7.14282130e+003
3.10903635e+001	7.14281633e+003
3.11837279e+001	7.14277179e+003
3.12770924e+001	7.14267679e+003
3.13704568e+001	7.14262466e+003
3.14638213e+001	7.14252061e+003
3.15571857e+001	7.14245905e+003
3.16505502e+001	7.14239749e+003
3.17439146e+001	7.14232202e+003
3.18372791e+001	7.14119583e+003
3.19306435e+001	7.14067094e+003
3.20240080e+001	7.13927499e+003
3.21173725e+001	7.13847910e+003
3.22107369e+001	7.13771338e+003
3.23041014e+001	7.13694767e+003
3.23974658e+001	7.13076225e+003
3.24908303e+001	7.12075832e+003
3.25841947e+001	7.10963660e+003
3.26775592e+001	7.08848344e+003
3.27709236e+001	7.07118778e+003
3.28642881e+001	7.05838284e+003
3.29576526e+001	7.03014357e+003
3.30510170e+001	6.96155780e+003
3.31443815e+001	6.87877591e+003
3.32377459e+001	6.81642786e+003
3.33311104e+001	6.76012605e+003
3.34244748e+001	6.68146251e+003
3.35178393e+001	6.57052560e+003
3.36112037e+001	6.47601079e+003
3.37045682e+001	6.40939561e+003
3.37979326e+001	6.34275151e+003
3.38912971e+001	6.27541561e+003
3.39846616e+001	6.20657337e+003
3.40780260e+001	6.12712412e+003
3.41713905e+001	6.04135847e+003
3.42647549e+001	5.95057883e+003
3.43581194e+001	5.88134920e+003
3.44514838e+001	5.81264323e+003
3.45448483e+001	5.73987594e+003
3.46382127e+001	5.67423112e+003
3.47315772e+001	5.60834611e+003
3.48249416e+001	5.53580669e+003
3.49183061e+001	5.46294883e+003
3.50116706e+001	5.38927194e+003
3.51050350e+001	5.32842519e+003
3.51983995e+001	5.26758331e+003
3.52917639e+001	5.21624613e+003
3.53851284e+001	5.17732851e+003
3.54784928e+001	5.13841439e+003
3.55718573e+001	5.06093797e+003
3.56652217e+001	4.96331888e+003
3.57585862e+001	4.90358200e+003
3.58519507e+001	4.85978944e+003
3.59453151e+001	4.82043741e+003
3.60386796e+001	4.78108797e+003
3.61320440e+001	4.74174119e+003
3.62254085e+001	4.70384474e+003
3.63187729e+001	4.66460631e+003
3.64121374e+001	4.62246799e+003
3.65055018e+001	4.57807007e+003
3.65988663e+001	4.53368923e+003
3.66922307e+001	4.48868840e+003
3.67855952e+001	4.43968776e+003
3.68789597e+001	4.39073646e+003
3.69723241e+001	4.35085651e+003
3.70656886e+001	4.31132627e+003
3.71590530e+001	4.27185889e+003
3.72524175e+001	4.23331304e+003
3.73457819e+001	4.19721266e+003
3.74391464e+001	4.16064139e+003
3.75325108e+001	4.12494551e+003
3.76258753e+001	4.08930157e+003
3.77192397e+001	4.05390542e+003
3.78126042e+001	4.01759890e+003
3.79059687e+001	3.98293859e+003
3.79993331e+001	3.94828497e+003
3.80926976e+001	3.91329979e+003
3.81860620e+001	3.87741079e+003
3.82794265e+001	3.84025541e+003
3.83727909e+001	3.79693508e+003
3.84661554e+001	3.76350630e+003
3.85595198e+001	3.74161292e+003
3.86528843e+001	3.71974222e+003
3.87462487e+001	3.69789460e+003
3.88396132e+001	3.67225264e+003
3.89329777e+001	3.64554679e+003
3.90263421e+001	3.61884138e+003
3.91197066e+001	3.59213641e+003
3.92130710e+001	3.56543189e+003
3.93064355e+001	3.54458693e+003
3.93997999e+001	3.51726123e+003
3.94931644e+001	3.49144374e+003
3.95865288e+001	3.46562838e+003
3.96798933e+001	3.43981519e+003
3.97732578e+001	3.41400422e+003
3.98666222e+001	3.38823296e+003
3.99599867e+001	3.36310299e+003
4.00533511e+001	3.33797998e+003
4.01467156e+001	3.31290229e+003
4.02400800e+001	3.28857595e+003
4.03334445e+001	3.26425990e+003
4.04268089e+001	3.24357218e+003
4.05201734e+001	3.22390468e+003
4.06135378e+001	3.20425312e+003
4.07069023e+001	3.18457328e+003
4.08002668e+001	3.16186679e+003
4.08936312e+001	3.13784585e+003
4.09869957e+001	3.11384580e+003
4.10803601e+001	3.08986712e+003
4.11737246e+001	3.06591031e+003
4.12670890e+001	3.04767061e+003
4.13604535e+001	3.03145752e+003
4.14538179e+001	3.01525513e+003
4.15471824e+001	2.99906361e+003
4.16405468e+001	2.98288313e+003
4.17339113e+001	2.96671388e+003
4.18272758e+001	2.94729965e+003
4.19206402e+001	2.92744405e+003
4.20140047e+001	2.90838826e+003
4.21073691e+001	2.89193751e+003
4.22007336e+001	2.87411460e+003
4.22940980e+001	2.85538093e+003
4.23874625e+001	2.83665700e+003
4.24808269e+001	2.81790790e+003
4.25741914e+001	2.79906662e+003
4.26675559e+001	2.78348498e+003
4.27609203e+001	2.76781953e+003
4.28542848e+001	2.75203762e+003
4.29476492e+001	2.73625713e+003
4.30410137e+001	2.72047809e+003
4.31343781e+001	2.70470053e+003
4.32277426e+001	2.68894073e+003
4.33211070e+001	2.67318896e+003
4.34144715e+001	2.65559523e+003
4.35078359e+001	2.63856403e+003
4.36012004e+001	2.62153319e+003
4.36945649e+001	2.60450272e+003
4.37879293e+001	2.58747262e+003
4.38812938e+001	2.57049416e+003
4.39746582e+001	2.55980470e+003
4.40680227e+001	2.54971848e+003
4.41613871e+001	2.53963462e+003
4.42547516e+001	2.52955316e+003
4.43481160e+001	2.51947412e+003
4.44414805e+001	2.50746272e+003
4.45348449e+001	2.49534893e+003
4.46282094e+001	2.48322012e+003
4.47215739e+001	2.47098465e+003
4.48149383e+001	2.45875016e+003
4.49083028e+001	2.44687207e+003
4.50016672e+001	2.43506375e+003
4.50950317e+001	2.42325589e+003
4.51883961e+001	2.41144850e+003
4.52817606e+001	2.39964158e+003
4.53751250e+001	2.38979389e+003
4.54684895e+001	2.37669896e+003
4.55618540e+001	2.36192407e+003
4.56552184e+001	2.34715055e+003
4.57485829e+001	2.33302698e+003
4.58419473e+001	2.31922562e+003
4.59353118e+001	2.30542426e+003
4.60286762e+001	2.29162292e+003
4.61220407e+001	2.28115308e+003
4.62154051e+001	2.27248966e+003
4.63087696e+001	2.26382659e+003
4.64021340e+001	2.25492198e+003
4.64954985e+001	2.24599905e+003
4.65888630e+001	2.23707668e+003
4.66822274e+001	2.22815488e+003
4.67755919e+001	2.21923365e+003
4.68689563e+001	2.21031300e+003
4.69623208e+001	2.19857821e+003
4.70556852e+001	2.18582043e+003
4.71490497e+001	2.17306381e+003
4.72424141e+001	2.16030837e+003
4.73357786e+001	2.14879269e+003
4.74291430e+001	2.13871096e+003
4.75225075e+001	2.12833368e+003
4.76158720e+001	2.11787344e+003
4.77092364e+001	2.10739090e+003
4.78026009e+001	2.09691268e+003
4.78959653e+001	2.08643884e+003
4.79893298e+001	2.07596945e+003
4.80826942e+001	2.06550458e+003
4.81760587e+001	2.05810419e+003
4.82694231e+001	2.05141344e+003
4.83627876e+001	2.04374732e+003
4.84561521e+001	2.03608204e+003
4.85495165e+001	2.02842585e+003
4.86428810e+001	2.02081703e+003
4.87362454e+001	2.01320863e+003
4.88296099e+001	2.00560065e+003
4.89229743e+001	1.99799308e+003
4.90163388e+001	1.99038594e+003
4.91097032e+001	1.98277923e+003
4.92030677e+001	1.97517296e+003
4.92964321e+001	1.96835558e+003
4.93897966e+001	1.96213388e+003
4.94831611e+001	1.95591404e+003
4.95765255e+001	1.94969606e+003
4.96698900e+001	1.94033377e+003
4.97632544e+001	1.92981619e+003
4.98566189e+001	1.91930033e+003
4.99499833e+001	1.90878622e+003
5.00433478e+001	1.89827390e+003
5.01367122e+001	1.88776338e+003
5.02300767e+001	1.87863336e+003
5.03234411e+001	1.87030123e+003
5.04168056e+001	1.86125903e+003
5.05101701e+001	1.85171376e+003
5.06035345e+001	1.84217001e+003
5.06968990e+001	1.83493761e+003
5.07902634e+001	1.82824257e+003
5.08836279e+001	1.82154754e+003
5.09769923e+001	1.81485251e+003
5.10703568e+001	1.80815749e+003
5.11637212e+001	1.80146247e+003
5.12570857e+001	1.79476745e+003
5.13504502e+001	1.78798519e+003
5.14438146e+001	1.78118150e+003
5.15371791e+001	1.77378168e+003
5.16305435e+001	1.76571102e+003
5.17239080e+001	1.75764208e+003
5.18172724e+001	1.74957488e+003
5.19106369e+001	1.74150944e+003
5.20040013e+001	1.73344578e+003
5.20973658e+001	1.72538394e+003
5.21907302e+001	1.71699927e+003
5.22840947e+001	1.70652641e+003
5.23774592e+001	1.69156512e+003
5.24708236e+001	1.67584418e+003
5.25641881e+001	1.66386744e+003
5.26575525e+001	1.65300955e+003
5.27509170e+001	1.64216476e+003
5.28442814e+001	1.63133334e+003
5.29376459e+001	1.62051554e+003
5.30310103e+001	1.61077900e+003
5.31243748e+001	1.60114306e+003
5.32177392e+001	1.58728972e+003
5.33111037e+001	1.56935034e+003
5.34044682e+001	1.55142189e+003
5.34978326e+001	1.53350475e+003
5.35911971e+001	1.51559932e+003
5.36845615e+001	1.49770603e+003
5.37779260e+001	1.47982531e+003
5.38712904e+001	1.46195762e+003
5.39646549e+001	1.44410346e+003
5.40580193e+001	1.42626332e+003
5.41513838e+001	1.40843774e+003
5.42447482e+001	1.39058319e+003
5.43381127e+001	1.37277312e+003
5.44314772e+001	1.35604821e+003
5.45248416e+001	1.33933521e+003
5.46182061e+001	1.32263457e+003
5.47115705e+001	1.30594675e+003
5.48049350e+001	1.28906705e+003
5.48982994e+001	1.27204214e+003
5.49916639e+001	1.25502087e+003
5.50850283e+001	1.23800337e+003
5.51783928e+001	1.22098981e+003
5.52717573e+001	1.20398034e+003
5.53651217e+001	1.18697516e+003
5.54584862e+001	1.16997444e+003
5.55518506e+001	1.15297838e+003
5.56452151e+001	1.13598719e+003
5.57385795e+001	1.11900110e+003
5.58319440e+001	1.10202034e+003
5.59253084e+001	1.08083480e+003
5.60186729e+001	1.05499732e+003
5.61120373e+001	1.02924096e+003
5.62054018e+001	1.00357198e+003
5.62987663e+001	9.77997246e+002
5.63921307e+001	9.52524359e+002
5.64854952e+001	9.27161711e+002
5.65788596e+001	9.01918602e+002
5.66722241e+001	8.76805356e+002
5.67655885e+001	8.51833460e+002
5.68589530e+001	8.27106694e+002
5.69523174e+001	8.03624707e+002
5.70456819e+001	7.81399961e+002
5.71390463e+001	7.59301067e+002
5.72324108e+001	7.37339340e+002
5.73257753e+001	7.15527410e+002
5.74191397e+001	6.93879405e+002
5.75125042e+001	6.72411158e+002
5.76058686e+001	6.51140447e+002
5.76992331e+001	6.30087280e+002
5.77925975e+001	6.09274207e+002
5.78859620e+001	5.88726694e+002
5.79793264e+001	5.68473537e+002
5.80726909e+001	5.52854958e+002
5.81660554e+001	5.39963883e+002
5.82594198e+001	5.27428841e+002
5.83527843e+001	5.15275817e+002
5.84461487e+001	5.03532471e+002
5.85395132e+001	4.92228126e+002
5.86328776e+001	4.83129941e+002
5.87262421e+001	4.74902682e+002
5.88196065e+001	4.66685267e+002
5.89129710e+001	4.58478227e+002
5.90063354e+001	4.50282129e+002
5.90996999e+001	4.42097580e+002
5.91930644e+001	4.33925235e+002
5.92864288e+001	4.25765796e+002
5.93797933e+001	4.17620021e+002
5.94731577e+001	4.09488723e+002
5.95665222e+001	4.01372784e+002
5.96598866e+001	3.93273153e+002
5.97532511e+001	3.85190861e+002
5.98466155e+001	3.77127021e+002
5.99399800e+001	3.69082842e+002
6.00333444e+001	3.61059641e+002
6.01267089e+001	3.53058845e+002
6.02200734e+001	3.45082014e+002
6.03134378e+001	3.41217164e+002
6.04068023e+001	3.37989179e+002
6.05001667e+001	3.34762382e+002
6.05935312e+001	3.31536807e+002
6.06868956e+001	3.28312492e+002
6.07802601e+001	3.25089474e+002
6.08736245e+001	3.21867791e+002
6.09669890e+001	3.18647484e+002
6.10603535e+001	3.15428595e+002
6.11537179e+001	3.12211169e+002
6.12470824e+001	3.08995250e+002
6.13404468e+001	3.05780886e+002
6.14338113e+001	3.02568127e+002
6.15271757e+001	2.99357025e+002
6.16205402e+001	2.96147633e+002
6.17139046e+001	2.92940008e+002
6.18072691e+001	2.89734208e+002
6.19006335e+001	2.86530295e+002
6.19939980e+001	2.83328332e+002
6.20873625e+001	2.80214688e+002
6.21807269e+001	2.77103682e+002
6.22740914e+001	2.73993975e+002
6.23674558e+001	2.70885614e+002
6.24608203e+001	2.67778644e+002
6.25541847e+001	2.64673115e+002
6.26475492e+001	2.61569078e+002
6.27409136e+001	2.58466587e+002
6.28342781e+001	2.55365698e+002
6.29276425e+001	2.52266470e+002
6.30210070e+001	2.49168966e+002
6.31143715e+001	2.46073249e+002
6.32077359e+001	2.42979390e+002
6.33011004e+001	2.39887458e+002
6.33944648e+001	2.36797531e+002
6.34878293e+001	2.33709687e+002
6.35811937e+001	2.30624010e+002
6.36745582e+001	2.27540589e+002
6.37679226e+001	2.24459516e+002
6.38612871e+001	2.21380889e+002
6.39546516e+001	2.18304812e+002
6.40480160e+001	2.15231394e+002
6.41413805e+001	2.12160751e+002
6.42347449e+001	2.09093005e+002
6.43281094e+001	2.06028285e+002
6.44214738e+001	2.02966728e+002
6.45148383e+001	1.99908481e+002
6.46082027e+001	1.96853696e+002
6.47015672e+001	1.93802538e+002
6.47949316e+001	1.90281004e+002
6.48882961e+001	1.86748775e+002
6.49816606e+001	1.83244073e+002
6.50750250e+001	1.79768508e+002
6.51683895e+001	1.76390447e+002
6.52617539e+001	1.73713137e+002
6.53551184e+001	1.71037111e+002
6.54484828e+001	1.68362432e+002
6.55418473e+001	1.65484327e+002
6.56352117e+001	1.62356130e+002
6.57285762e+001	1.59234329e+002
6.58219406e+001	1.56119308e+002
6.59153051e+001	1.53011483e+002
6.60086696e+001	1.49911299e+002
6.61020340e+001	1.46819241e+002
6.61953985e+001	1.43735833e+002
6.62887629e+001	1.40661645e+002
6.63821274e+001	1.37597294e+002
6.64754918e+001	1.34543452e+002
6.65688563e+001	1.31500852e+002
6.66622207e+001	1.28470292e+002
6.67555852e+001	1.25452645e+002
6.68489496e+001	1.22448865e+002
6.69423141e+001	1.19459999e+002
6.70356786e+001	1.16487195e+002
6.71290430e+001	1.13531714e+002
6.72224075e+001	1.12304790e+002
6.73157719e+001	1.11113086e+002
6.74091364e+001	1.09924342e+002
6.75025008e+001	1.08738654e+002
6.75958653e+001	1.07556123e+002
6.76892297e+001	1.06376856e+002
6.77825942e+001	1.05200962e+002
6.78759587e+001	1.04028554e+002
6.79693231e+001	1.02859753e+002
6.80626876e+001	1.01694682e+002
6.81560520e+001	1.00533472e+002
6.82494165e+001	9.96545172e+001
6.83427809e+001	9.90003550e+001
6.84361454e+001	9.83461935e+001
6.85295098e+001	9.76920328e+001
6.86228743e+001	9.70378729e+001
6.87162387e+001	9.63837138e+001
6.88096032e+001	9.57295554e+001
6.89029677e+001	9.50753980e+001
6.89963321e+001	9.44212413e+001
6.90896966e+001	9.37670855e+001
6.91830610e+001	9.31129306e+001
6.92764255e+001	9.24587766e+001
6.93697899e+001	9.18046235e+001
6.94631544e+001	9.11504713e+001
6.95565188e+001	9.04963201e+001
6.96498833e+001	8.98421699e+001
6.97432477e+001	8.91880206e+001
6.98366122e+001	8.85338724e+001
6.99299767e+001	8.78797253e+001
7.00233411e+001	8.72255792e+001
7.01167056e+001	8.65714341e+001
7.02100700e+001	8.59172903e+001
7.03034345e+001	8.52631475e+001
7.03967989e+001	8.46090059e+001
7.04901634e+001	8.39548655e+001
7.05835278e+001	8.33007264e+001
7.06768923e+001	8.26465884e+001
7.07702568e+001	8.19924518e+001
7.08636212e+001	8.13383165e+001
7.09569857e+001	8.06841825e+001
7.10503501e+001	8.00300499e+001
7.11437146e+001	7.93759187e+001
7.12370790e+001	7.87217890e+001
7.13304435e+001	7.80676608e+001
7.14238079e+001	7.74135340e+001
7.15171724e+001	7.67594089e+001
7.16105368e+001	7.61052853e+001
7.17039013e+001	7.54511634e+001
7.17972658e+001	7.47970431e+001
7.18906302e+001	7.41429246e+001
7.19839947e+001	7.33973322e+001
7.20773591e+001	7.22541473e+001
7.21707236e+001	7.11117638e+001
7.22640880e+001	6.99702211e+001
7.23574525e+001	6.88295609e+001
7.24508169e+001	6.76898278e+001
7.25441814e+001	6.65510695e+001
7.26375458e+001	6.59531613e+001
7.27309103e+001	6.53720762e+001
7.28242748e+001	6.47912873e+001
7.29176392e+001	6.42108024e+001
7.30110037e+001	6.36306300e+001
7.31043681e+001	6.30079272e+001
7.31977326e+001	6.19932089e+001
7.32910970e+001	6.09786638e+001
7.33844615e+001	5.99643007e+001
7.34778259e+001	5.89501290e+001
7.35711904e+001	5.79361587e+001
7.36645549e+001	5.69224005e+001
7.37579193e+001	5.59088660e+001
7.38512838e+001	5.48955676e+001
7.39446482e+001	5.38825187e+001
7.40380127e+001	5.28697335e+001
7.41313771e+001	5.18572275e+001
7.42247416e+001	5.08450175e+001
7.43181060e+001	4.98331213e+001
7.44114705e+001	4.88215586e+001
7.45048349e+001	4.78103505e+001
7.45981994e+001	4.67995200e+001
7.46915639e+001	4.57890921e+001
7.47849283e+001	4.47790940e+001
7.48782928e+001	4.37695555e+001
7.49716572e+001	4.27605093e+001
7.50650217e+001	4.17519908e+001
7.51583861e+001	4.08633011e+001
7.52517506e+001	4.02991122e+001
7.53451150e+001	3.97395865e+001
7.54384795e+001	3.91849236e+001
7.55318439e+001	3.86353330e+001
7.56252084e+001	3.80910343e+001
7.57185729e+001	3.75522576e+001
7.58119373e+001	3.70192440e+001
7.59053018e+001	3.64922460e+001
7.59986662e+001	3.59715281e+001
7.60920307e+001	3.54573668e+001
7.61853951e+001	3.50366263e+001
7.62787596e+001	3.47420917e+001
7.63721240e+001	3.44475946e+001
7.64654885e+001	3.41531359e+001
7.65588530e+001	3.38587166e+001
7.66522174e+001	3.35643378e+001
7.67455819e+001	3.32700006e+001
7.68389463e+001	3.29757060e+001
7.69323108e+001	3.26814552e+001
7.70256752e+001	3.23872494e+001
7.71190397e+001	3.20930899e+001
7.72124041e+001	3.17989779e+001
7.73057686e+001	3.15049147e+001
7.73991330e+001	3.12109018e+001
7.74924975e+001	3.09169405e+001
7.75858620e+001	3.06230324e+001
7.76792264e+001	3.03291789e+001
7.77725909e+001	3.00353818e+001
7.78659553e+001	2.97416427e+001
7.79593198e+001	2.94479633e+001
7.80526842e+001	2.91543454e+001
7.81460487e+001	2.88607908e+001
7.82394131e+001	2.85673016e+001
7.83327776e+001	2.82738798e+001
7.84261420e+001	2.79805275e+001
7.85195065e+001	2.76872470e+001
7.86128710e+001	2.73940404e+001
7.87062354e+001	2.71009102e+001
7.87995999e+001	2.68078590e+001
7.88929643e+001	2.65025622e+001
7.89863288e+001	2.61491281e+001
7.90796932e+001	2.57956960e+001
7.91730577e+001	2.54422658e+001
7.92664221e+001	2.50888378e+001
7.93597866e+001	2.47354120e+001
7.94531511e+001	2.43819885e+001
7.95465155e+001	2.40285674e+001
7.96398800e+001	2.36751488e+001
7.97332444e+001	2.33217328e+001
7.98266089e+001	2.30811775e+001
7.99199733e+001	2.29033349e+001
8.00133378e+001	2.27259939e+001
8.01067022e+001	2.25491661e+001
8.02000667e+001	2.23728638e+001
8.02934311e+001	2.21131667e+001
8.03867956e+001	2.17772307e+001
8.04801601e+001	2.14415571e+001
8.05735245e+001	2.11061585e+001
8.06668890e+001	2.07710482e+001
8.07602534e+001	2.04362405e+001
8.08536179e+001	2.01017503e+001
8.09469823e+001	1.97675938e+001
8.10403468e+001	1.94337883e+001
8.11337112e+001	1.91003522e+001
8.12270757e+001	1.87673051e+001
8.13204401e+001	1.84346681e+001
8.14138046e+001	1.81024638e+001
8.15071691e+001	1.77707166e+001
8.16005335e+001	1.74518485e+001
8.16938980e+001	1.73274915e+001
8.17872624e+001	1.72031756e+001
8.18806269e+001	1.70789016e+001
8.19739913e+001	1.69546704e+001
8.20673558e+001	1.68304830e+001
8.21607202e+001	1.67063403e+001
8.22540847e+001	1.65822434e+001
8.23474491e+001	1.64581933e+001
8.24408136e+001	1.63341911e+001
8.25341781e+001	1.62102379e+001
8.26275425e+001	1.60863347e+001
8.27209070e+001	1.59262531e+001
8.28142714e+001	1.57350439e+001
8.29076359e+001	1.55439204e+001
8.30010003e+001	1.53528861e+001
8.30943648e+001	1.51619441e+001
8.31877292e+001	1.49710980e+001
8.32810937e+001	1.47803516e+001
8.33744582e+001	1.45897087e+001
8.34678226e+001	1.43991735e+001
8.35611871e+001	1.42087503e+001
8.36545515e+001	1.40184437e+001
8.37479160e+001	1.38282584e+001
8.38412804e+001	1.36381996e+001
8.39346449e+001	1.34576186e+001
8.40280093e+001	1.33115394e+001
8.41213738e+001	1.31654766e+001
8.42147382e+001	1.30194307e+001
8.43081027e+001	1.28734023e+001
8.44014672e+001	1.27273920e+001
8.44948316e+001	1.25814004e+001
8.45881961e+001	1.24354283e+001
8.46815605e+001	1.22894763e+001
8.47749250e+001	1.21435450e+001
8.48682894e+001	1.19976354e+001
8.49616539e+001	1.18517481e+001
8.50550183e+001	1.17058840e+001
8.51483828e+001	1.15600440e+001
8.52417472e+001	1.14142291e+001
8.53351117e+001	1.12684401e+001
8.54284762e+001	1.11226781e+001
8.55218406e+001	1.09769442e+001
8.56152051e+001	1.08312395e+001
8.57085695e+001	1.06855652e+001
8.58019340e+001	1.05399226e+001
8.58952984e+001	1.03943130e+001
8.59886629e+001	1.02487378e+001
8.60820273e+001	1.01031985e+001
8.61753918e+001	9.95769664e+000
8.62687563e+001	9.81223393e+000
8.63621207e+001	9.66765563e+000
8.64554852e+001	9.52990994e+000
8.65488496e+001	9.39231113e+000
8.66422141e+001	9.28346660e+000
8.67355785e+001	9.17754287e+000
8.68289430e+001	9.07046392e+000
8.69223074e+001	8.96338664e+000
8.70156719e+001	8.85631110e+000
8.71090363e+001	8.74923737e+000
8.72024008e+001	8.64216550e+000
8.72957653e+001	8.53509558e+000
8.73891297e+001	8.42802766e+000
8.74824942e+001	8.32096184e+000
8.75758586e+001	8.21389820e+000
8.76692231e+001	8.10683681e+000
8.77625875e+001	7.99977777e+000
8.78559520e+001	7.89272118e+000
8.79493164e+001	7.78566713e+000
8.80426809e+001	7.67861574e+000
8.81360453e+001	7.57156711e+000
8.82294098e+001	7.46452137e+000
8.83227743e+001	7.35747863e+000
8.84161387e+001	7.25043904e+000
8.85095032e+001	7.14340274e+000
8.86028676e+001	7.03636987e+000
8.86962321e+001	6.92934059e+000
8.87895965e+001	6.82231508e+000
8.88829610e+001	6.71529351e+000
8.89763254e+001	6.60827608e+000
8.90696899e+001	6.50126298e+000
8.91630544e+001	6.39425444e+000
8.92564188e+001	6.28725070e+000
8.93497833e+001	6.18025199e+000
8.94431477e+001	6.07325858e+000
8.95365122e+001	5.96627076e+000
8.96298766e+001	5.85928884e+000
8.97232411e+001	5.77099976e+000
8.98166055e+001	5.70280885e+000
8.99099700e+001	5.63663792e+000
9.00033344e+001	5.58759463e+000
9.00966989e+001	5.53855796e+000
9.01900634e+001	5.48952812e+000
9.02834278e+001	5.44050526e+000
9.03767923e+001	5.39148960e+000
9.04701567e+001	5.34248132e+000
9.05635212e+001	5.29348063e+000
9.06568856e+001	5.24448775e+000
9.07502501e+001	5.19550289e+000
9.08436145e+001	5.14652629e+000
9.09369790e+001	5.09755818e+000
9.10303434e+001	5.04859880e+000
9.11237079e+001	4.99964842e+000
9.12170724e+001	4.95070731e+000
9.13104368e+001	4.90177573e+000
9.14038013e+001	4.85285398e+000
9.14971657e+001	4.80394236e+000
9.15905302e+001	4.75504118e+000
9.16838946e+001	4.70615077e+000
9.17772591e+001	4.65727147e+000
9.18706235e+001	4.60840362e+000
9.19639880e+001	4.55954760e+000
9.20573525e+001	4.51070379e+000
9.21507169e+001	4.46187260e+000
9.22440814e+001	4.41305443e+000
9.23374458e+001	4.36424974e+000
9.24308103e+001	4.31545897e+000
9.25241747e+001	4.26668260e+000
9.26175392e+001	4.21792114e+000
9.27109036e+001	4.16917511e+000
9.28042681e+001	4.12044504e+000
9.28976325e+001	4.07173153e+000
9.29909970e+001	4.02411176e+000
9.30843615e+001	3.98379439e+000
9.31777259e+001	3.94352818e+000
9.32710904e+001	3.90331472e+000
9.33644548e+001	3.86315566e+000
9.34578193e+001	3.82305271e+000
9.35511837e+001	3.78300765e+000
9.36445482e+001	3.74476535e+000
9.37379126e+001	3.70790824e+000
9.38312771e+001	3.67105381e+000
9.39246415e+001	3.63420216e+000
9.40180060e+001	3.59735336e+000
9.41113705e+001	3.56050750e+000
9.42047349e+001	3.52366467e+000
9.42980994e+001	3.48682498e+000
9.43914638e+001	3.44998852e+000
9.44848283e+001	3.41315540e+000
9.45781927e+001	3.37632573e+000
9.46715572e+001	3.33949961e+000
9.47649216e+001	3.30267717e+000
9.48582861e+001	3.26585854e+000
9.49516506e+001	3.22904384e+000
9.50450150e+001	3.19223321e+000
9.51383795e+001	3.15542679e+000
9.52317439e+001	3.11862473e+000
9.53251084e+001	3.08182719e+000
9.54184728e+001	3.04503434e+000
9.55118373e+001	3.00824633e+000
9.56052017e+001	2.97146336e+000
9.56985662e+001	2.93468561e+000
9.57919306e+001	2.89791328e+000
9.58852951e+001	2.86114658e+000
9.59786596e+001	2.82438574e+000
9.60720240e+001	2.78763097e+000
9.61653885e+001	2.75088253e+000
9.62587529e+001	2.71414068e+000
9.63521174e+001	2.67740567e+000
9.64454818e+001	2.64067781e+000
9.65388463e+001	2.60395739e+000
9.66322107e+001	2.56724473e+000
9.67255752e+001	2.53054016e+000
9.68189396e+001	2.49947346e+000
9.69123041e+001	2.47287159e+000
9.70056686e+001	2.44626984e+000
9.70990330e+001	2.41966822e+000
9.71923975e+001	2.39306673e+000
9.72857619e+001	2.36591779e+000
9.73791264e+001	2.33858474e+000
9.74724908e+001	2.31128006e+000
9.75658553e+001	2.28400477e+000
9.76592197e+001	2.25675992e+000
9.77525842e+001	2.22954665e+000
9.78459486e+001	2.20236611e+000
9.79393131e+001	2.17521953e+000
9.80326776e+001	2.14810821e+000
9.81260420e+001	2.12103349e+000
9.82194065e+001	2.09399679e+000
9.83127709e+001	2.06699961e+000
9.84061354e+001	2.03927467e+000
9.84994998e+001	2.01036161e+000
9.85928643e+001	1.98144871e+000
9.86862287e+001	1.95253597e+000
9.87795932e+001	1.92362341e+000
9.88729577e+001	1.89471104e+000
9.89663221e+001	1.86579885e+000
9.90596866e+001	1.83688687e+000
9.91530510e+001	1.80797510e+000
9.92464155e+001	1.77906355e+000
9.93397799e+001	1.75015223e+000
9.94331444e+001	1.72124116e+000
9.95265088e+001	1.69233034e+000
9.96198733e+001	1.66341979e+000
9.97132377e+001	1.63450953e+000
9.98066022e+001	1.60559956e+000
9.98999667e+001	1.57668991e+000
9.99933311e+001	1.55863707e+000
1.00086696e+002	1.54420929e+000
1.00180060e+002	1.52978745e+000
1.00273424e+002	1.51537173e+000
1.00366789e+002	1.50096228e+000
1.00460153e+002	1.48655931e+000
1.00553518e+002	1.47216299e+000
1.00646882e+002	1.45777353e+000
1.00740247e+002	1.44339113e+000
1.00833611e+002	1.42901600e+000
1.00926976e+002	1.41433305e+000
1.01020340e+002	1.39749911e+000
1.01113705e+002	1.38068564e+000
1.01207069e+002	1.36389340e+000
1.01300433e+002	1.34712317e+000
1.01393798e+002	1.33037580e+000
1.01487162e+002	1.31365216e+000
1.01580527e+002	1.29695316e+000
1.01673891e+002	1.28027977e+000
1.01767256e+002	1.26363301e+000
1.01860620e+002	1.24701393e+000
1.01953985e+002	1.23042367e+000
1.02047349e+002	1.21386339e+000
1.02140714e+002	1.19733436e+000
1.02234078e+002	1.18083787e+000
1.02327442e+002	1.16437532e+000
1.02420807e+002	1.14794816e+000
1.02514171e+002	1.13155794e+000
1.02607536e+002	1.11520627e+000
1.02700900e+002	1.09889489e+000
1.02794265e+002	1.08262562e+000
1.02887629e+002	1.06640037e+000
1.02980994e+002	1.05022120e+000
1.03074358e+002	1.03409026e+000
1.03167723e+002	1.01800986e+000
1.03261087e+002	1.00613717e+000
1.03354451e+002	9.97015285e-001
1.03447816e+002	9.87906002e-001
1.03541180e+002	9.78809667e-001
1.03634545e+002	9.69726645e-001
1.03727909e+002	9.60657313e-001
1.03821274e+002	9.51602064e-001
1.03914638e+002	9.42561301e-001
1.04008003e+002	9.33535448e-001
1.04101367e+002	9.24524939e-001
1.04194732e+002	9.15530229e-001
1.04288096e+002	9.06551787e-001
1.04381460e+002	8.99389783e-001
1.04474825e+002	8.93258708e-001
1.04568189e+002	8.87139350e-001
1.04661554e+002	8.81031952e-001
1.04754918e+002	8.74936765e-001
1.04848283e+002	8.68854046e-001
1.04941647e+002	8.62784059e-001
1.05035012e+002	8.56727074e-001
1.05128376e+002	8.50683369e-001
1.05221741e+002	8.44653229e-001
1.05315105e+002	8.38636948e-001
1.05408469e+002	8.32634824e-001
1.05501834e+002	8.26647167e-001
1.05595198e+002	8.20674293e-001
1.05688563e+002	8.14716527e-001
1.05781927e+002	8.08774204e-001
1.05875292e+002	8.02847666e-001
1.05968656e+002	7.96937265e-001
1.06062021e+002	7.91043363e-001
1.06155385e+002	7.85166332e-001
1.06248750e+002	7.79306553e-001
1.06342114e+002	7.73464418e-001
1.06435478e+002	7.67640331e-001
1.06528843e+002	7.61834704e-001
1.06622207e+002	7.56047964e-001
1.06715572e+002	7.49509626e-001
1.06808936e+002	7.38400150e-001
1.06902301e+002	7.27297130e-001
1.06995665e+002	7.16200864e-001
1.07089030e+002	7.05111673e-001
1.07182394e+002	6.94029894e-001
1.07275759e+002	6.82955890e-001
1.07369123e+002	6.71890044e-001
1.07462487e+002	6.60832766e-001
1.07555852e+002	6.49784494e-001
1.07649216e+002	6.38745695e-001
1.07742581e+002	6.27716868e-001
1.07835945e+002	6.16698549e-001
1.07929310e+002	6.05691312e-001
1.08022674e+002	5.94695771e-001
1.08116039e+002	5.87718375e-001
1.08209403e+002	5.83220992e-001
1.08302768e+002	5.78723623e-001
1.08396132e+002	5.74226269e-001
1.08489496e+002	5.69728930e-001
1.08582861e+002	5.65231606e-001
1.08676225e+002	5.60734298e-001
1.08769590e+002	5.56237007e-001
1.08862954e+002	5.51739731e-001
1.08956319e+002	5.47242473e-001
1.09049683e+002	5.42745232e-001
1.09143048e+002	5.38248009e-001
1.09236412e+002	5.31215797e-001
1.09329777e+002	5.23262900e-001
1.09423141e+002	5.15320725e-001
1.09516506e+002	5.07389775e-001
1.09609870e+002	4.99470585e-001
1.09703234e+002	4.91563723e-001
1.09796599e+002	4.83669793e-001
1.09889963e+002	4.75789440e-001
1.09983328e+002	4.67923349e-001
1.10076692e+002	4.60072252e-001
1.10170057e+002	4.52236929e-001
1.10263421e+002	4.44418216e-001
1.10356786e+002	4.36617004e-001
1.10450150e+002	4.28834249e-001
1.10543515e+002	4.21070973e-001
1.10636879e+002	4.13328276e-001
1.10730243e+002	4.05607334e-001
1.10823608e+002	4.01069647e-001
1.10916972e+002	3.97263081e-001
1.11010337e+002	3.93457817e-001
1.11103701e+002	3.89653893e-001
1.11197066e+002	3.85851348e-001
1.11290430e+002	3.82050225e-001
1.11383795e+002	3.78250565e-001
1.11477159e+002	3.74452414e-001
1.11570524e+002	3.70506330e-001
1.11663888e+002	3.66338512e-001
1.11757252e+002	3.62172825e-001
1.11850617e+002	3.58009346e-001
1.11943981e+002	3.53848150e-001
1.12037346e+002	3.49689321e-001
1.12130710e+002	3.45532943e-001
1.12224075e+002	3.41379105e-001
1.12317439e+002	3.37227903e-001
1.12410804e+002	3.33079434e-001
1.12504168e+002	3.28933801e-001
1.12597533e+002	3.24791114e-001
1.12690897e+002	3.20651486e-001
1.12784261e+002	3.16515038e-001
1.12877626e+002	3.12381896e-001
1.12970990e+002	3.08252192e-001
1.13064355e+002	3.04126068e-001
1.13157719e+002	3.00336442e-001
1.13251084e+002	2.97260576e-001
1.13344448e+002	2.94188172e-001
1.13437813e+002	2.91119339e-001
1.13531177e+002	2.88054190e-001
1.13624542e+002	2.84992847e-001
1.13717906e+002	2.81935431e-001
1.13811270e+002	2.78882072e-001
1.13904635e+002	2.75832905e-001
1.13997999e+002	2.72788071e-001
1.14091364e+002	2.69747717e-001
1.14184728e+002	2.66711994e-001
1.14278093e+002	2.63681065e-001
1.14371457e+002	2.60655094e-001
1.14464822e+002	2.57634259e-001
1.14558186e+002	2.54618740e-001
1.14651551e+002	2.51608730e-001
1.14744915e+002	2.48604428e-001
1.14838279e+002	2.45606044e-001
1.14931644e+002	2.42613798e-001
1.15025008e+002	2.39627918e-001
1.15118373e+002	2.36240419e-001
1.15211737e+002	2.32708925e-001
1.15305102e+002	2.29187119e-001
1.15398466e+002	2.25675456e-001
1.15491831e+002	2.22174415e-001
1.15585195e+002	2.18684507e-001
1.15678560e+002	2.15206274e-001
1.15771924e+002	2.11740290e-001
1.15865288e+002	2.08287168e-001
1.15958653e+002	2.05337630e-001
1.16052017e+002	2.03132231e-001
1.16145382e+002	2.00927549e-001
1.16238746e+002	1.98723607e-001
1.16332111e+002	1.96520431e-001
1.16425475e+002	1.94318047e-001
1.16518840e+002	1.92116481e-001
1.16612204e+002	1.89915763e-001
1.16705569e+002	1.87287903e-001
1.16798933e+002	1.84563542e-001
1.16892297e+002	1.81843206e-001
1.16985662e+002	1.79127079e-001
1.17079026e+002	1.76415355e-001
1.17172391e+002	1.73708241e-001
1.17265755e+002	1.71005955e-001
1.17359120e+002	1.68308730e-001
1.17452484e+002	1.65616813e-001
1.17545849e+002	1.62930467e-001
1.17639213e+002	1.60249973e-001
1.17732578e+002	1.57575629e-001
1.17825942e+002	1.54907753e-001
1.17919306e+002	1.52246686e-001
1.18012671e+002	1.49592790e-001
1.18106035e+002	1.46946456e-001
1.18199400e+002	1.44308097e-001
1.18292764e+002	1.42898829e-001
1.18386129e+002	1.41978842e-001
1.18479493e+002	1.41058862e-001
1.18572858e+002	1.40138890e-001
1.18666222e+002	1.39218926e-001
1.18759587e+002	1.38298971e-001
1.18852951e+002	1.37379024e-001
1.18946315e+002	1.36459085e-001
1.19039680e+002	1.35539155e-001
1.19133044e+002	1.34619234e-001
1.19226409e+002	1.33699322e-001
1.19319773e+002	1.32779419e-001
1.19413138e+002	1.31859525e-001
1.19506502e+002	1.30939642e-001
1.19599867e+002	1.30019768e-001
1.19693231e+002	1.29099904e-001
1.19786596e+002	1.28180050e-001
1.19879960e+002	1.27260207e-001
1.19973324e+002	1.26259039e-001
1.20066689e+002	1.24833375e-001
1.20160053e+002	1.23407780e-001
1.20253418e+002	1.21982256e-001
1.20346782e+002	1.20556805e-001
1.20440147e+002	1.19131431e-001
1.20533511e+002	1.17706135e-001
1.20626876e+002	1.16280921e-001
1.20720240e+002	1.14855792e-001
1.20813605e+002	1.13430751e-001
1.20906969e+002	1.12005802e-001
1.21000333e+002	1.10739917e-001
1.21093698e+002	1.09476841e-001
1.21187062e+002	1.08213785e-001
1.21280427e+002	1.06950749e-001
1.21373791e+002	1.05687735e-001
1.21467156e+002	1.04424743e-001
1.21560520e+002	1.02895240e-001
1.21653885e+002	1.01305423e-001
1.21747249e+002	9.97165350e-002
1.21840614e+002	9.81286216e-002
1.21933978e+002	9.65417306e-002
1.22027342e+002	9.49559133e-002
1.22120707e+002	9.33712244e-002
1.22214071e+002	9.17877223e-002
1.22307436e+002	9.02054696e-002
1.22400800e+002	8.86245331e-002
1.22494165e+002	8.70449846e-002
1.22587529e+002	8.54669010e-002
1.22680894e+002	8.38903650e-002
1.22774258e+002	8.23154656e-002
1.22867623e+002	8.07422984e-002
1.22960987e+002	7.91709668e-002
1.23054351e+002	7.76015822e-002
1.23147716e+002	7.60342652e-002
1.23241080e+002	7.44691464e-002
1.23334445e+002	7.33053054e-002
1.23427809e+002	7.23204815e-002
1.23521174e+002	7.13377359e-002
1.23614538e+002	7.03571557e-002
1.23707903e+002	6.93788326e-002
1.23801267e+002	6.84028636e-002
1.23894632e+002	6.74293508e-002
1.23987996e+002	6.64584022e-002
1.24081360e+002	6.54901319e-002
1.24174725e+002	6.46115647e-002
1.24268089e+002	6.41557550e-002
1.24361454e+002	6.36999480e-002
1.24454818e+002	6.32441437e-002
1.24548183e+002	6.27883423e-002
1.24641547e+002	6.23325438e-002
1.24734912e+002	6.18767483e-002
1.24828276e+002	6.14209558e-002
1.24921641e+002	6.09651664e-002
1.25015005e+002	6.05093802e-002
1.25108369e+002	6.00535973e-002
1.25201734e+002	5.95978176e-002
1.25295098e+002	5.91420414e-002
1.25388463e+002	5.86862686e-002
1.25481827e+002	5.82304994e-002
1.25575192e+002	5.77747338e-002
1.25668556e+002	5.73189720e-002
1.25761921e+002	5.68632140e-002
1.25855285e+002	5.64074599e-002
1.25948650e+002	5.59517098e-002
1.26042014e+002	5.54959638e-002
1.26135378e+002	5.50402220e-002
1.26228743e+002	5.45844845e-002
1.26322107e+002	5.41287514e-002
1.26415472e+002	5.36730229e-002
1.26508836e+002	5.32172990e-002
1.26602201e+002	5.27615799e-002
1.26695565e+002	5.23058657e-002
1.26788930e+002	5.18501566e-002
1.26882294e+002	5.13944526e-002
1.26975659e+002	5.09387538e-002
1.27069023e+002	5.04830606e-002
1.27162387e+002	5.00273729e-002
1.27255752e+002	4.95592097e-002
1.27349116e+002	4.90330808e-002
1.27442481e+002	4.85070444e-002
1.27535845e+002	4.79811036e-002
1.27629210e+002	4.74552616e-002
1.27722574e+002	4.69639476e-002
1.27815939e+002	4.64670289e-002
1.27909303e+002	4.59575090e-002
1.28002668e+002	4.54489007e-002
1.28096032e+002	4.49412347e-002
1.28189396e+002	4.44345436e-002
1.28282761e+002	4.39288609e-002
1.28376125e+002	4.34242219e-002
1.28469490e+002	4.29206635e-002
1.28562854e+002	4.24182240e-002
1.28656219e+002	4.19169439e-002
1.28749583e+002	4.14168650e-002
1.28842948e+002	4.09180315e-002
1.28936312e+002	4.04204896e-002
1.29029677e+002	3.99242874e-002
1.29123041e+002	3.94294755e-002
1.29216405e+002	3.89361071e-002
1.29309770e+002	3.84442376e-002
1.29403134e+002	3.79539252e-002
1.29496499e+002	3.74652313e-002
1.29589863e+002	3.69782198e-002
1.29683228e+002	3.64929583e-002
1.29776592e+002	3.60095173e-002
1.29869957e+002	3.55279713e-002
1.29963321e+002	3.50483984e-002
1.30056686e+002	3.45708806e-002
1.30150050e+002	3.41332563e-002
1.30243414e+002	3.37285033e-002
1.30336779e+002	3.33248170e-002
1.30430143e+002	3.29222366e-002
1.30523508e+002	3.25208032e-002
1.30616872e+002	3.21205598e-002
1.30710237e+002	3.17215514e-002
1.30803601e+002	3.13238252e-002
1.30896966e+002	3.09274307e-002
1.30990330e+002	3.05324198e-002
1.31083695e+002	3.01388468e-002
1.31177059e+002	2.97467689e-002
1.31270423e+002	2.93562459e-002
1.31363788e+002	2.89673408e-002
1.31457152e+002	2.85801195e-002
1.31550517e+002	2.81946514e-002
1.31643881e+002	2.78110095e-002
1.31737246e+002	2.74292704e-002
1.31830610e+002	2.70495146e-002
1.31923975e+002	2.66718269e-002
1.32017339e+002	2.62962963e-002
1.32110704e+002	2.59230167e-002
1.32204068e+002	2.55520866e-002
1.32297432e+002	2.51836098e-002
1.32390797e+002	2.48176958e-002
1.32484161e+002	2.44544594e-002
1.32577526e+002	2.40940218e-002
1.32670890e+002	2.37333652e-002
1.32764255e+002	2.33523335e-002
1.32857619e+002	2.29718507e-002
1.32950984e+002	2.26460997e-002
1.33044348e+002	2.23992015e-002
1.33137713e+002	2.22149066e-002
1.33231077e+002	2.20306501e-002
1.33324441e+002	2.18464331e-002
1.33417806e+002	2.16622565e-002
1.33511170e+002	2.14781214e-002
1.33604535e+002	2.12940289e-002
1.33697899e+002	2.11099801e-002
1.33791264e+002	2.09259762e-002
1.33884628e+002	2.07420183e-002
1.33977993e+002	2.05581076e-002
1.34071357e+002	2.03742455e-002
1.34164722e+002	2.01904333e-002
1.34258086e+002	2.00066723e-002
1.34351450e+002	1.98229640e-002
1.34444815e+002	1.96393099e-002
1.34538179e+002	1.94557114e-002
1.34631544e+002	1.92721703e-002
1.34724908e+002	1.90886880e-002
1.34818273e+002	1.89052665e-002
1.34911637e+002	1.87219073e-002
1.35005002e+002	1.85386125e-002
1.35098366e+002	1.83553838e-002
1.35191731e+002	1.81722234e-002
1.35285095e+002	1.79891332e-002
1.35378459e+002	1.78061155e-002
1.35471824e+002	1.76231726e-002
1.35565188e+002	1.74403067e-002
1.35658553e+002	1.72575203e-002
1.35751917e+002	1.70748161e-002
1.35845282e+002	1.68921965e-002
1.35938646e+002	1.67096645e-002
1.36032011e+002	1.65272229e-002
1.36125375e+002	1.63448748e-002
1.36218740e+002	1.61626232e-002
1.36312104e+002	1.59804716e-002
1.36405468e+002	1.57984234e-002
1.36498833e+002	1.56164821e-002
1.36592197e+002	1.54346516e-002
1.36685562e+002	1.52529359e-002
1.36778926e+002	1.50713390e-002
1.36872291e+002	1.48898654e-002
1.36965655e+002	1.47361131e-002
1.37059020e+002	1.46250925e-002
1.37152384e+002	1.44516909e-002
1.37245749e+002	1.42815727e-002
1.37339113e+002	1.41475413e-002
1.37432477e+002	1.40135102e-002
1.37525842e+002	1.38794796e-002
1.37619206e+002	1.37454493e-002
1.37712571e+002	1.36114195e-002
1.37805935e+002	1.34773901e-002
1.37899300e+002	1.33433610e-002
1.37992664e+002	1.32093325e-002
1.38086029e+002	1.30753043e-002
1.38179393e+002	1.29412767e-002
1.38272758e+002	1.28072495e-002
1.38366122e+002	1.26732228e-002
1.38459486e+002	1.25391966e-002
1.38552851e+002	1.24051710e-002
1.38646215e+002	1.22711459e-002
1.38739580e+002	1.21371213e-002
1.38832944e+002	1.20030974e-002
1.38926309e+002	1.18690740e-002
1.39019673e+002	1.17350513e-002
1.39113038e+002	1.16010292e-002
1.39206402e+002	1.14670078e-002
1.39299767e+002	1.13329871e-002
1.39393131e+002	1.11989671e-002
1.39486495e+002	1.10649478e-002
1.39579860e+002	1.09309293e-002
1.39673224e+002	1.07969116e-002
1.39766589e+002	1.06628947e-002
1.39859953e+002	1.05288787e-002
1.39953318e+002	1.03948635e-002
1.40046682e+002	1.02608493e-002
1.40140047e+002	1.01268361e-002
1.40233411e+002	9.99282385e-003
1.40326776e+002	9.85881266e-003
1.40420140e+002	9.72480255e-003
1.40513505e+002	9.59079358e-003
1.40606869e+002	9.45678578e-003
1.40700233e+002	9.32277922e-003
1.40793598e+002	9.18877394e-003
1.40886962e+002	9.05477000e-003
1.40980327e+002	8.92076746e-003
1.41073691e+002	8.78676639e-003
1.41167056e+002	8.65276686e-003
1.41260420e+002	8.51876893e-003
1.41353785e+002	8.38477269e-003
1.41447149e+002	8.25077821e-003
1.41540514e+002	8.13910392e-003
1.41633878e+002	8.07713194e-003
1.41727242e+002	7.99260293e-003
1.41820607e+002	7.88829009e-003
1.41913971e+002	7.81286433e-003
1.42007336e+002	7.73743870e-003
1.42100700e+002	7.66201318e-003
1.42194065e+002	7.58658779e-003
1.42287429e+002	7.51116254e-003
1.42380794e+002	7.43573741e-003
1.42474158e+002	7.36031242e-003
1.42567523e+002	7.28488758e-003
1.42660887e+002	7.20946288e-003
1.42754251e+002	7.13403833e-003
1.42847616e+002	7.05861394e-003
1.42940980e+002	6.98318970e-003
1.43034345e+002	6.90776564e-003
1.43127709e+002	6.83234175e-003
1.43221074e+002	6.75691803e-003
1.43314438e+002	6.68149450e-003
1.43407803e+002	6.60607115e-003
1.43501167e+002	6.53064801e-003
1.43594532e+002	6.45522506e-003
1.43687896e+002	6.37980233e-003
1.43781260e+002	6.30437982e-003
1.43874625e+002	6.22895753e-003
1.43967989e+002	6.15353547e-003
1.44061354e+002	6.07811366e-003
1.44154718e+002	6.00269210e-003
1.44248083e+002	5.92727080e-003
1.44341447e+002	5.85184978e-003
1.44434812e+002	5.77642903e-003
1.44528176e+002	5.70100858e-003
1.44621541e+002	5.62558844e-003
1.44714905e+002	5.55016861e-003
1.44808269e+002	5.47474912e-003
1.44901634e+002	5.39932997e-003
1.44994998e+002	5.32391118e-003
1.45088363e+002	5.24849276e-003
1.45181727e+002	5.17307474e-003
1.45275092e+002	5.09765712e-003
1.45368456e+002	5.02223993e-003
1.45461821e+002	4.94682319e-003
1.45555185e+002	4.87140692e-003
1.45648550e+002	4.79599114e-003
1.45741914e+002	4.72057587e-003
1.45835278e+002	4.64516114e-003
1.45928643e+002	4.56974697e-003
1.46022007e+002	4.51209279e-003
1.46115372e+002	4.47739115e-003
1.46208736e+002	4.42488121e-003
1.46302101e+002	4.37028174e-003
1.46395465e+002	4.32826305e-003
1.46488830e+002	4.28624442e-003
1.46582194e+002	4.24422586e-003
1.46675559e+002	4.20220737e-003
1.46768923e+002	4.16018895e-003
1.46862287e+002	4.11817060e-003
1.46955652e+002	4.07615233e-003
1.47049016e+002	4.03413413e-003
1.47142381e+002	3.99211602e-003
1.47235745e+002	3.95009798e-003
1.47329110e+002	3.90808004e-003
1.47422474e+002	3.86606218e-003
1.47515839e+002	3.82404441e-003
1.47609203e+002	3.78202673e-003
1.47702568e+002	3.74000915e-003
1.47795932e+002	3.69799167e-003
1.47889296e+002	3.65597430e-003
1.47982661e+002	3.61395703e-003
1.48076025e+002	3.57193987e-003
1.48169390e+002	3.52992283e-003
1.48262754e+002	3.48790591e-003
1.48356119e+002	3.44588911e-003
1.48449483e+002	3.40387244e-003
1.48542848e+002	3.36185590e-003
1.48636212e+002	3.31983950e-003
1.48729577e+002	3.27782324e-003
1.48822941e+002	3.23580713e-003
1.48916305e+002	3.19379118e-003
1.49009670e+002	3.15177538e-003
1.49103034e+002	3.10975976e-003
1.49196399e+002	3.06774431e-003
1.49289763e+002	3.02572904e-003
1.49383128e+002	2.98371395e-003
1.49476492e+002	2.94169907e-003
1.49569857e+002	2.89968439e-003
1.49663221e+002	2.85766993e-003
1.49756586e+002	2.81565569e-003
1.49849950e+002	2.77364169e-003
1.49943314e+002	2.73162793e-003
1.50036679e+002	2.68961443e-003
1.50130043e+002	2.64760120e-003
1.50223408e+002	2.60558825e-003
1.50316772e+002	2.56357560e-003
1.50410137e+002	2.52156326e-003
1.50503501e+002	2.48227865e-003
1.50596866e+002	2.46302084e-003
1.50690230e+002	2.43894099e-003
1.50783595e+002	2.40519157e-003
1.50876959e+002	2.38185674e-003
1.50970323e+002	2.35854124e-003
1.51063688e+002	2.33522578e-003
1.51157052e+002	2.31191036e-003
1.51250417e+002	2.28859499e-003
1.51343781e+002	2.26527967e-003
1.51437146e+002	2.24196440e-003
1.51530510e+002	2.21864918e-003
1.51623875e+002	2.19533401e-003
1.51717239e+002	2.17201890e-003
1.51810604e+002	2.14870384e-003
1.51903968e+002	2.12538884e-003
1.51997332e+002	2.10207390e-003
1.52090697e+002	2.07875902e-003
1.52184061e+002	2.05544420e-003
1.52277426e+002	2.03212945e-003
1.52370790e+002	2.00881477e-003
1.52464155e+002	1.98550016e-003
1.52557519e+002	1.96218563e-003
1.52650884e+002	1.93887117e-003
1.52744248e+002	1.91555678e-003
1.52837613e+002	1.89224248e-003
1.52930977e+002	1.86892827e-003
1.53024341e+002	1.84561414e-003
1.53117706e+002	1.82230011e-003
1.53211070e+002	1.79898616e-003
1.53304435e+002	1.77567232e-003
1.53397799e+002	1.75235858e-003
1.53491164e+002	1.72904495e-003
1.53584528e+002	1.70573142e-003
1.53677893e+002	1.68241802e-003
1.53771257e+002	1.65910473e-003
1.53864622e+002	1.63579157e-003
1.53957986e+002	1.61247854e-003
1.54051350e+002	1.58916565e-003
1.54144715e+002	1.56585290e-003
1.54238079e+002	1.54254030e-003
1.54331444e+002	1.51922785e-003
1.54424808e+002	1.49591557e-003
1.54518173e+002	1.47260346e-003
1.54611537e+002	1.44929153e-003
1.54704902e+002	1.42597979e-003
1.54798266e+002	1.40266825e-003
1.54891631e+002	1.37935692e-003
1.54984995e+002	1.35604580e-003
1.55078359e+002	1.34506211e-003
1.55171724e+002	1.33310037e-003
1.55265088e+002	1.31490019e-003
1.55358453e+002	1.30140360e-003
1.55451817e+002	1.28871798e-003
1.55545182e+002	1.27603244e-003
1.55638546e+002	1.26334699e-003
1.55731911e+002	1.25066162e-003
1.55825275e+002	1.23797634e-003
1.55918640e+002	1.22529115e-003
1.56012004e+002	1.21260606e-003
1.56105368e+002	1.19992106e-003
1.56198733e+002	1.18723617e-003
1.56292097e+002	1.17455137e-003
1.56385462e+002	1.16186669e-003
1.56478826e+002	1.14918212e-003
1.56572191e+002	1.13649766e-003
1.56665555e+002	1.12381332e-003
1.56758920e+002	1.11112910e-003
1.56852284e+002	1.09844501e-003
1.56945649e+002	1.08576105e-003
1.57039013e+002	1.07307723e-003
1.57132377e+002	1.06039354e-003
1.57225742e+002	1.04771001e-003
1.57319106e+002	1.03502662e-003
1.57412471e+002	1.02234339e-003
1.57505835e+002	1.00966033e-003
1.57599200e+002	9.96977428e-004
1.57692564e+002	9.84294706e-004
1.57785929e+002	9.71612166e-004
1.57879293e+002	9.58929816e-004
1.57972658e+002	9.46247663e-004
1.58066022e+002	9.33565715e-004
1.58159386e+002	9.20883982e-004
1.58252751e+002	9.08202470e-004
1.58346115e+002	8.95521191e-004
1.58439480e+002	8.82840154e-004
1.58532844e+002	8.70159370e-004
1.58626209e+002	8.57478850e-004
1.58719573e+002	8.44798606e-004
1.58812938e+002	8.32118650e-004
1.58906302e+002	8.19438996e-004
1.58999667e+002	8.06759658e-004
1.59093031e+002	7.94080651e-004
1.59186395e+002	7.81401991e-004
1.59279760e+002	7.68723696e-004
1.59373124e+002	7.56045784e-004
1.59466489e+002	7.43368274e-004
1.59559853e+002	7.35889839e-004
1.59653218e+002	7.30138206e-004
1.59746582e+002	7.20503054e-004
1.59839947e+002	7.12664765e-004
1.59933311e+002	7.05924531e-004
1.60026676e+002	6.99184379e-004
1.60120040e+002	6.92444311e-004
1.60213404e+002	6.85704330e-004
1.60306769e+002	6.78964438e-004
1.60400133e+002	6.72224639e-004
1.60493498e+002	6.65484935e-004
1.60586862e+002	6.58745329e-004
1.60680227e+002	6.52005824e-004
1.60773591e+002	6.45266423e-004
1.60866956e+002	6.38527129e-004
1.60960320e+002	6.31787947e-004
1.61053685e+002	6.25048879e-004
1.61147049e+002	6.18309929e-004
1.61240413e+002	6.11571101e-004
1.61333778e+002	6.04832399e-004
1.61427142e+002	5.98093828e-004
1.61520507e+002	5.91355392e-004
1.61613871e+002	5.84617095e-004
1.61707236e+002	5.77878943e-004
1.61800600e+002	5.71140941e-004
1.61893965e+002	5.64403093e-004
1.61987329e+002	5.57665406e-004
1.62080694e+002	5.50927886e-004
1.62174058e+002	5.44190538e-004
1.62267422e+002	5.37453369e-004
1.62360787e+002	5.30716387e-004
1.62454151e+002	5.23979597e-004
1.62547516e+002	5.17243008e-004
1.62640880e+002	5.10506628e-004
1.62734245e+002	5.03770465e-004
1.62827609e+002	4.97034528e-004
1.62920974e+002	4.90298825e-004
1.63014338e+002	4.83563368e-004
1.63107703e+002	4.76828166e-004
1.63201067e+002	4.70093230e-004
1.63294431e+002	4.63358573e-004
1.63387796e+002	4.56624205e-004
1.63481160e+002	4.49890141e-004
1.63574525e+002	4.43156394e-004
1.63667889e+002	4.36422979e-004
1.63761254e+002	4.29689911e-004
1.63854618e+002	4.22957207e-004
1.63947983e+002	4.16224884e-004
1.64041347e+002	4.11515198e-004
1.64134712e+002	4.08405661e-004
1.64228076e+002	4.03626946e-004
1.64321440e+002	3.99149993e-004
1.64414805e+002	3.95642005e-004
1.64508169e+002	3.92134021e-004
1.64601534e+002	3.88626041e-004
1.64694898e+002	3.85118065e-004
1.64788263e+002	3.81610093e-004
1.64881627e+002	3.78102125e-004
1.64974992e+002	3.74594162e-004
1.65068356e+002	3.71086203e-004
1.65161721e+002	3.67578249e-004
1.65255085e+002	3.64070299e-004
1.65348449e+002	3.60562355e-004
1.65441814e+002	3.57054415e-004
1.65535178e+002	3.53546481e-004
1.65628543e+002	3.50038552e-004
1.65721907e+002	3.46530628e-004
1.65815272e+002	3.43022711e-004
1.65908636e+002	3.39514799e-004
1.66002001e+002	3.36006893e-004
1.66095365e+002	3.32498993e-004
1.66188730e+002	3.28991100e-004
1.66282094e+002	3.25483213e-004
1.66375458e+002	3.21975333e-004
1.66468823e+002	3.18467461e-004
1.66562187e+002	3.14959595e-004
1.66655552e+002	3.11451738e-004
1.66748916e+002	3.07943888e-004
1.66842281e+002	3.04436046e-004
1.66935645e+002	3.00928212e-004
1.67029010e+002	2.97420387e-004
1.67122374e+002	2.93912571e-004
1.67215739e+002	2.90404765e-004
1.67309103e+002	2.86896968e-004
1.67402467e+002	2.83389181e-004
1.67495832e+002	2.79881405e-004
1.67589196e+002	2.76373639e-004
1.67682561e+002	2.72865884e-004
1.67775925e+002	2.69358141e-004
1.67869290e+002	2.65850410e-004
1.67962654e+002	2.62342692e-004
1.68056019e+002	2.58834987e-004
1.68149383e+002	2.55327295e-004
1.68242748e+002	2.51819618e-004
1.68336112e+002	2.48311955e-004
1.68429476e+002	2.44804308e-004
1.68522841e+002	2.41996433e-004
1.68616205e+002	2.40444022e-004
1.68709570e+002	2.38249229e-004
1.68802934e+002	2.35793135e-004
1.68896299e+002	2.33982161e-004
1.68989663e+002	2.32171265e-004
1.69083028e+002	2.30360447e-004
1.69176392e+002	2.28549711e-004
1.69269757e+002	2.26739056e-004
1.69363121e+002	2.24928487e-004
1.69456485e+002	2.23118004e-004
1.69549850e+002	2.21307610e-004
1.69643214e+002	2.19497307e-004
1.69736579e+002	2.17687097e-004
1.69829943e+002	2.15876982e-004
1.69923308e+002	2.14066966e-004
1.70016672e+002	2.12257051e-004
1.70110037e+002	2.10447238e-004
1.70203401e+002	2.08637531e-004
1.70296766e+002	2.06827933e-004
1.70390130e+002	2.05018447e-004
1.70483494e+002	2.03209075e-004
1.70576859e+002	2.01399820e-004
1.70670223e+002	1.99590686e-004
1.70763588e+002	1.97781676e-004
1.70856952e+002	1.95972794e-004
1.70950317e+002	1.94164043e-004
1.71043681e+002	1.92355426e-004
1.71137046e+002	1.90546949e-004
1.71230410e+002	1.88738613e-004
1.71323775e+002	1.86930425e-004
1.71417139e+002	1.85122387e-004
1.71510504e+002	1.83314505e-004
1.71603868e+002	1.81506783e-004
1.71697232e+002	1.79699226e-004
1.71790597e+002	1.77891839e-004
1.71883961e+002	1.76084627e-004
1.71977326e+002	1.74277596e-004
1.72070690e+002	1.72470751e-004
1.72164055e+002	1.70664099e-004
1.72257419e+002	1.68857645e-004
1.72350784e+002	1.67051395e-004
1.72444148e+002	1.65245358e-004
1.72537513e+002	1.63439539e-004
1.72630877e+002	1.61633946e-004
1.72724241e+002	1.59828586e-004
1.72817606e+002	1.58023468e-004
1.72910970e+002	1.56218601e-004
1.73004335e+002	1.54586752e-004
1.73097699e+002	1.53858442e-004
1.73191064e+002	1.52878516e-004
1.73284428e+002	1.51503288e-004
1.73377793e+002	1.50456575e-004
1.73471157e+002	1.49410132e-004
1.73564522e+002	1.48363966e-004
1.73657886e+002	1.47318082e-004
1.73751250e+002	1.46272487e-004
1.73844615e+002	1.45227187e-004
1.73937979e+002	1.44182188e-004
1.74031344e+002	1.43137497e-004
1.74124708e+002	1.42093120e-004
1.74218073e+002	1.41049065e-004
1.74311437e+002	1.40005338e-004
1.74404802e+002	1.38961948e-004
1.74498166e+002	1.37918901e-004
1.74591531e+002	1.36876206e-004
1.74684895e+002	1.35833871e-004
1.74778259e+002	1.34791904e-004
1.74871624e+002	1.33750314e-004
1.74964988e+002	1.32709109e-004
1.75058353e+002	1.31668299e-004
1.75151717e+002	1.30627893e-004
1.75245082e+002	1.29587901e-004
1.75338446e+002	1.28548332e-004
1.75431811e+002	1.27509198e-004
1.75525175e+002	1.26470510e-004
1.75618540e+002	1.25432277e-004
1.75711904e+002	1.24394511e-004
1.75805268e+002	1.23357225e-004
1.75898633e+002	1.22320430e-004
1.75991997e+002	1.21284140e-004
1.76085362e+002	1.20248366e-004
1.76178726e+002	1.19213123e-004
1.76272091e+002	1.18178425e-004
1.76365455e+002	1.17144285e-004
1.76458820e+002	1.16110719e-004
1.76552184e+002	1.15077743e-004
1.76645549e+002	1.14045372e-004
1.76738913e+002	1.13013623e-004
1.76832277e+002	1.11982513e-004
1.76925642e+002	1.10952060e-004
1.77019006e+002	1.09922283e-004
1.77112371e+002	1.08893200e-004
1.77205735e+002	1.07864831e-004
1.77299100e+002	1.06837198e-004
1.77392464e+002	1.05810321e-004
1.77485829e+002	1.04784223e-004
1.77579193e+002	1.04252513e-004
1.77672558e+002	1.03650132e-004
1.77765922e+002	1.02640982e-004
1.77859286e+002	1.01808506e-004
1.77952651e+002	1.01007749e-004
1.78046015e+002	1.00207218e-004
1.78139380e+002	9.94069189e-005
1.78232744e+002	9.86068574e-005
1.78326109e+002	9.78070392e-005
1.78419473e+002	9.70074704e-005
1.78512838e+002	9.62081571e-005
1.78606202e+002	9.54091058e-005
1.78699567e+002	9.46103231e-005
1.78792931e+002	9.38118159e-005
1.78886295e+002	9.30135913e-005
1.78979660e+002	9.22156566e-005
1.79073024e+002	9.14180194e-005
1.79166389e+002	9.06206876e-005
1.79259753e+002	8.98236693e-005
1.79353118e+002	8.90269729e-005
1.79446482e+002	8.82306071e-005
1.79539847e+002	8.74345810e-005
1.79633211e+002	8.66389039e-005
1.79726576e+002	8.58435856e-005
1.79819940e+002	8.50486360e-005
1.79913304e+002	8.42540657e-005
1.80006669e+002	8.34598855e-005
1.80100033e+002	8.26661066e-005
1.80193398e+002	8.18727407e-005
1.80286762e+002	8.10797998e-005
1.80380127e+002	8.02872967e-005
1.80473491e+002	7.94952444e-005
1.80566856e+002	7.87036565e-005
1.80660220e+002	7.79125472e-005
1.80753585e+002	7.71219311e-005
1.80846949e+002	7.63318237e-005
1.80940313e+002	7.55422408e-005
1.81033678e+002	7.47531991e-005
1.81127042e+002	7.39647160e-005
1.81220407e+002	7.31768094e-005
1.81313771e+002	7.23894982e-005
1.81407136e+002	7.16028021e-005
1.81500500e+002	7.08167415e-005
1.81593865e+002	7.00313378e-005
1.81687229e+002	6.92466135e-005
1.81780594e+002	6.84625918e-005
1.81873958e+002	6.76792971e-005
1.81967322e+002	6.68967551e-005
1.82060687e+002	6.63347121e-005
1.82154051e+002	6.58406277e-005
1.82247416e+002	6.51173779e-005
1.82340780e+002	6.44719635e-005
1.82434145e+002	6.38706288e-005
1.82527509e+002	6.32700416e-005
1.82620874e+002	6.26702232e-005
1.82714238e+002	6.20711961e-005
1.82807603e+002	6.14729834e-005
1.82900967e+002	6.08756090e-005
1.82994331e+002	6.02790979e-005
1.83087696e+002	5.96834759e-005
1.83181060e+002	5.89845388e-005
1.83274425e+002	5.82337842e-005
1.83367789e+002	5.74844116e-005
1.83461154e+002	5.67364757e-005
1.83554518e+002	5.59900341e-005
1.83647883e+002	5.52451475e-005
1.83741247e+002	5.45018795e-005
1.83834612e+002	5.37602972e-005
1.83927976e+002	5.30204715e-005
1.84021340e+002	5.22824769e-005
1.84114705e+002	5.15463921e-005
1.84208069e+002	5.08122999e-005
1.84301434e+002	5.00802881e-005
1.84394798e+002	4.93504493e-005
1.84488163e+002	4.86228813e-005
1.84581527e+002	4.78976875e-005
1.84674892e+002	4.71749775e-005
1.84768256e+002	4.64548671e-005
1.84861621e+002	4.57374793e-005
1.84954985e+002	4.50229440e-005
1.85048349e+002	4.43113994e-005
1.85141714e+002	4.36029918e-005
1.85235078e+002	4.28978766e-005
1.85328443e+002	4.21962189e-005
1.85421807e+002	4.14981941e-005
1.85515172e+002	4.08039885e-005
1.85608536e+002	4.01138006e-005
1.85701901e+002	3.94278413e-005
1.85795265e+002	3.88267014e-005
1.85888630e+002	3.83976428e-005
1.85981994e+002	3.79702778e-005
1.86075358e+002	3.75446645e-005
1.86168723e+002	3.71208630e-005
1.86262087e+002	3.64306325e-005
1.86355452e+002	3.57171035e-005
1.86448816e+002	3.50036110e-005
1.86542181e+002	3.42901574e-005
1.86635545e+002	3.35309120e-005
1.86728910e+002	3.27609135e-005
1.86822274e+002	3.19909527e-005
1.86915639e+002	3.12210322e-005
1.87009003e+002	3.04511552e-005
1.87102367e+002	2.96813250e-005
1.87195732e+002	2.89115454e-005
1.87289096e+002	2.81418205e-005
1.87382461e+002	2.73721549e-005
1.87475825e+002	2.66025539e-005
1.87569190e+002	2.58330230e-005
1.87662554e+002	2.50635689e-005
1.87755919e+002	2.42941988e-005
1.87849283e+002	2.35249209e-005
1.87942648e+002	2.27557447e-005
1.88036012e+002	2.19866807e-005
1.88129376e+002	2.12177411e-005
1.88222741e+002	2.04489401e-005
1.88316105e+002	1.96802939e-005
1.88409470e+002	1.89118212e-005
1.88502834e+002	1.81435443e-005
1.88596199e+002	1.73754890e-005
1.88689563e+002	1.66076861e-005
1.88782928e+002	1.58401722e-005
1.88876292e+002	1.50729916e-005
1.88969657e+002	1.44408841e-005
1.89063021e+002	1.39111984e-005
1.89156385e+002	1.33815490e-005
1.89249750e+002	1.28519404e-005
1.89343114e+002	1.23223778e-005
1.89436479e+002	1.17928675e-005
1.89529843e+002	1.12634167e-005
1.89623208e+002	1.07784070e-005
1.89716572e+002	1.03047360e-005
1.89809937e+002	9.84302146e-006
1.89903301e+002	9.39502638e-006
1.89996666e+002	8.96280825e-006
1.90090030e+002	8.54876040e-006
1.90183394e+002	8.15565073e-006
1.90276759e+002	7.78665108e-006
1.90370123e+002	7.44534707e-006
1.90463488e+002	7.13571389e-006
1.90556852e+002	6.86204009e-006
1.90650217e+002	6.62878099e-006
1.90743581e+002	6.44032937e-006
1.90836946e+002	6.30070704e-006
1.90930310e+002	6.21320671e-006
1.91023675e+002	6.18004271e-006
1.91117039e+002	6.20208673e-006
1.91210403e+002	6.27875733e-006
1.91303768e+002	6.40809403e-006
1.91397132e+002	6.58699524e-006
1.91490497e+002	6.81155675e-006
1.91583861e+002	7.07743358e-006
1.91677226e+002	7.34853597e-006
1.91770590e+002	7.63503316e-006
1.91863955e+002	7.94381504e-006
1.91957319e+002	8.27238655e-006
1.92050684e+002	8.61848459e-006
1.92144048e+002	8.98008294e-006
1.92237412e+002	9.34954584e-006
1.92330777e+002	9.73212261e-006
1.92424141e+002	9.99190640e-006
1.92517506e+002	1.00013743e-005
1.92610870e+002	1.00356096e-005
1.92704235e+002	1.00943603e-005
1.92797599e+002	1.01772017e-005
1.92890964e+002	1.02835518e-005
1.92984328e+002	1.04126901e-005
1.93077693e+002	1.05637811e-005
1.93171057e+002	1.07358979e-005
1.93264421e+002	1.09280471e-005
1.93357786e+002	1.11391921e-005
1.93451150e+002	1.13682744e-005
1.93544515e+002	1.16142327e-005
1.93637879e+002	1.18760186e-005
1.93731244e+002	1.21526092e-005
1.93824608e+002	1.24430174e-005
1.93917973e+002	1.27462986e-005
1.94011337e+002	1.30615562e-005
1.94104702e+002	1.33879443e-005
1.94198066e+002	1.37246686e-005
1.94291430e+002	1.40709872e-005
1.94384795e+002	1.44262092e-005
1.94478159e+002	1.47896930e-005
1.94571524e+002	1.51608444e-005
1.94664888e+002	1.55391140e-005
1.94758253e+002	1.59239945e-005
1.94851617e+002	1.63150181e-005
1.94944982e+002	1.67117535e-005
1.95038346e+002	1.70179797e-005
1.95131711e+002	1.73061429e-005
1.95225075e+002	1.75945189e-005
1.95318439e+002	1.78830975e-005
1.95411804e+002	1.81718690e-005
1.95505168e+002	1.84608243e-005
1.95598533e+002	1.87499550e-005
1.95691897e+002	1.90392530e-005
1.95785262e+002	1.93287109e-005
1.95878626e+002	1.96183215e-005
1.95971991e+002	1.99080782e-005
1.96065355e+002	2.01979748e-005
1.96158720e+002	2.04880052e-005
1.96252084e+002	2.07781638e-005
1.96345448e+002	2.10684455e-005
1.96438813e+002	2.13588450e-005
1.96532177e+002	2.16493578e-005
1.96625542e+002	2.19399793e-005
1.96718906e+002	2.22401798e-005
1.96812271e+002	2.26214050e-005
1.96905635e+002	2.30026911e-005
1.96999000e+002	2.33840350e-005
1.97092364e+002	2.37654341e-005
1.97185729e+002	2.41468855e-005
1.97279093e+002	2.45283870e-005
1.97372457e+002	2.49099363e-005
1.97465822e+002	2.52915310e-005
1.97559186e+002	2.56731693e-005
1.97652551e+002	2.60548493e-005
1.97745915e+002	2.64365690e-005
1.97839280e+002	2.68183269e-005
1.97932644e+002	2.71453283e-005
1.98026009e+002	2.74562955e-005
1.98119373e+002	2.77672776e-005
1.98212738e+002	2.80782741e-005
1.98306102e+002	2.83892845e-005
1.98399466e+002	2.87003084e-005
1.98492831e+002	2.90113454e-005
1.98586195e+002	2.93223950e-005
1.98679560e+002	2.96334568e-005
1.98772924e+002	2.99445305e-005
1.98866289e+002	3.02556156e-005
1.98959653e+002	3.05667119e-005
1.99053018e+002	3.08778190e-005
1.99146382e+002	3.11889366e-005
1.99239747e+002	3.15000643e-005
1.99333111e+002	3.18112019e-005
1.99426475e+002	3.21223491e-005
1.99519840e+002	3.24335056e-005
1.99613204e+002	3.27446711e-005
1.99706569e+002	3.29939402e-005
1.99799933e+002	3.31372854e-005
1.99893298e+002	3.32812902e-005
1.99986662e+002	3.34259462e-005
2.00080027e+002	3.35712448e-005
2.00173391e+002	3.37171779e-005
2.00266756e+002	3.38637372e-005
2.00360120e+002	3.40109145e-005
2.00453484e+002	3.41587020e-005
2.00546849e+002	3.43070917e-005
2.00640213e+002	3.44560759e-005
2.00733578e+002	3.46056468e-005
2.00826942e+002	3.47557970e-005
2.00920307e+002	3.49065188e-005
2.01013671e+002	3.50578050e-005
2.01107036e+002	3.52096483e-005
2.01200400e+002	3.53620415e-005
2.01293765e+002	3.55149775e-005
2.01387129e+002	3.56684493e-005
2.01480493e+002	3.58224501e-005
2.01573858e+002	3.59769731e-005
2.01667222e+002	3.61320115e-005
2.01760587e+002	3.62701856e-005
2.01853951e+002	3.63983523e-005
2.01947316e+002	3.65268500e-005
2.02040680e+002	3.66556754e-005
2.02134045e+002	3.67848248e-005
2.02227409e+002	3.69142950e-005
2.02320774e+002	3.70440825e-005
2.02414138e+002	3.71741841e-005
2.02507503e+002	3.73045964e-005
2.02600867e+002	3.74353162e-005
2.02694231e+002	3.75663403e-005
2.02787596e+002	3.76976655e-005
2.02880960e+002	3.78292887e-005
2.02974325e+002	3.79612068e-005
2.03067689e+002	3.80774301e-005
2.03161054e+002	3.80499715e-005
2.03254418e+002	3.80226392e-005
2.03347783e+002	3.79954334e-005
2.03441147e+002	3.79683543e-005
2.03534512e+002	3.79414024e-005
2.03627876e+002	3.79145777e-005
2.03721240e+002	3.78878807e-005
2.03814605e+002	3.78613115e-005
2.03907969e+002	3.78348705e-005
2.04001334e+002	3.78085579e-005
2.04094698e+002	3.77823739e-005
2.04188063e+002	3.77916998e-005
2.04281427e+002	3.79312180e-005
2.04374792e+002	3.80708352e-005
2.04468156e+002	3.82105501e-005
2.04561521e+002	3.83503619e-005
2.04654885e+002	3.84902693e-005
2.04748249e+002	3.86302714e-005
2.04841614e+002	3.87703672e-005
2.04934978e+002	3.89105556e-005
2.05028343e+002	3.90508356e-005
2.05121707e+002	3.91912062e-005
2.05215072e+002	3.93316666e-005
2.05308436e+002	3.94722156e-005
2.05401801e+002	3.96128524e-005
2.05495165e+002	3.97535761e-005
2.05588530e+002	3.98943857e-005
2.05681894e+002	4.00352803e-005
2.05775258e+002	4.01426502e-005
2.05868623e+002	4.01698121e-005
2.05961987e+002	4.01971246e-005
2.06055352e+002	4.02245874e-005
2.06148716e+002	4.02522001e-005
2.06242081e+002	4.02799625e-005
2.06335445e+002	4.03078742e-005
2.06428810e+002	4.03359349e-005
2.06522174e+002	4.03641444e-005
2.06615539e+002	4.03910666e-005
2.06708903e+002	4.04182221e-005
2.06802267e+002	4.04458179e-005
2.06895632e+002	4.04738531e-005
2.06988996e+002	4.05023268e-005
2.07082361e+002	4.05312381e-005
2.07175725e+002	4.05605861e-005
2.07269090e+002	4.05903697e-005
2.07362454e+002	4.06205880e-005
2.07455819e+002	4.06512401e-005
2.07549183e+002	4.06823250e-005
2.07642548e+002	4.07138417e-005
2.07735912e+002	4.07457892e-005
2.07829276e+002	4.07781664e-005
2.07922641e+002	4.08109724e-005
2.08016005e+002	4.08442061e-005
2.08109370e+002	4.08778665e-005
2.08202734e+002	4.07817161e-005
2.08296099e+002	4.06535496e-005
2.08389463e+002	4.05256720e-005
2.08482828e+002	4.03980860e-005
2.08576192e+002	4.02707945e-005
2.08669557e+002	4.01438003e-005
2.08762921e+002	4.00171061e-005
2.08856285e+002	3.98907149e-005
2.08949650e+002	3.97646295e-005
2.09043014e+002	3.96388528e-005
2.09136379e+002	3.95133878e-005
2.09229743e+002	3.93882375e-005
2.09323108e+002	3.92634049e-005
2.09416472e+002	3.91388929e-005
2.09509837e+002	3.90147048e-005
2.09603201e+002	3.88908435e-005
2.09696566e+002	3.87673123e-005
2.09789930e+002	3.86441142e-005
2.09883294e+002	3.85212526e-005
2.09976659e+002	3.83987305e-005
2.10070023e+002	3.82884145e-005
2.10163388e+002	3.82230113e-005
2.10256752e+002	3.81576772e-005
2.10350117e+002	3.80924126e-005
2.10443481e+002	3.80272179e-005
2.10536846e+002	3.79620933e-005
2.10630210e+002	3.78970393e-005
2.10723575e+002	3.78320561e-005
2.10816939e+002	3.77671443e-005
2.10910303e+002	3.77023041e-005
2.11003668e+002	3.75346603e-005
2.11097032e+002	3.73530928e-005
2.11190397e+002	3.71715308e-005
2.11283761e+002	3.69899741e-005
2.11377126e+002	3.68084231e-005
2.11470490e+002	3.66268777e-005
2.11563855e+002	3.64453379e-005
2.11657219e+002	3.62600172e-005
2.11750584e+002	3.60655480e-005
2.11843948e+002	3.58710841e-005
2.11937312e+002	3.56766257e-005
2.12030677e+002	3.54821727e-005
2.12124041e+002	3.52877253e-005
2.12217406e+002	3.50932836e-005
2.12310770e+002	3.48988477e-005
2.12404135e+002	3.47044176e-005
2.12497499e+002	3.45099934e-005
2.12590864e+002	3.43155754e-005
2.12684228e+002	3.41211635e-005
2.12777593e+002	3.39267578e-005
2.12870957e+002	3.37323586e-005
2.12964321e+002	3.35379658e-005
2.13057686e+002	3.33435796e-005
2.13151050e+002	3.31492002e-005
2.13244415e+002	3.29544632e-005
2.13337779e+002	3.27582999e-005
2.13431144e+002	3.25622392e-005
2.13524508e+002	3.23662830e-005
2.13617873e+002	3.21704331e-005
2.13711237e+002	3.19746916e-005
2.13804602e+002	3.17790604e-005
2.13897966e+002	3.15835417e-005
2.13991330e+002	3.13881374e-005
2.14084695e+002	3.11928498e-005
2.14178059e+002	3.09976810e-005
2.14271424e+002	3.08026333e-005
2.14364788e+002	3.06077091e-005
2.14458153e+002	3.04129106e-005
2.14551517e+002	3.02182404e-005
2.14644882e+002	3.00237009e-005
2.14738246e+002	2.98292947e-005
2.14831611e+002	2.96350244e-005
2.14924975e+002	2.94408927e-005
2.15018339e+002	2.92195583e-005
2.15111704e+002	2.89830729e-005
2.15205068e+002	2.87466001e-005
2.15298433e+002	2.85101402e-005
2.15391797e+002	2.82736935e-005
2.15485162e+002	2.80372605e-005
2.15578526e+002	2.78008414e-005
2.15671891e+002	2.75644365e-005
2.15765255e+002	2.73280463e-005
2.15858620e+002	2.70916712e-005
2.15951984e+002	2.67980109e-005
2.16045348e+002	2.64384550e-005
2.16138713e+002	2.60789723e-005
2.16232077e+002	2.57195660e-005
2.16325442e+002	2.53602393e-005
2.16418806e+002	2.50009956e-005
2.16512171e+002	2.46560937e-005
2.16605535e+002	2.43452140e-005
2.16698900e+002	2.40343684e-005
2.16792264e+002	2.37235580e-005
2.16885629e+002	2.34127843e-005
2.16978993e+002	2.31020489e-005
2.17072357e+002	2.27913532e-005
2.17165722e+002	2.24806990e-005
2.17259086e+002	2.21700879e-005
2.17352451e+002	2.18595218e-005
2.17445815e+002	2.15490027e-005
2.17539180e+002	2.12385326e-005
2.17632544e+002	2.09281137e-005
2.17725909e+002	2.06177482e-005
2.17819273e+002	2.03074388e-005
2.17912638e+002	1.99971878e-005
2.18006002e+002	1.96869982e-005
2.18099366e+002	1.93768729e-005
2.18192731e+002	1.90668150e-005
2.18286095e+002	1.87600824e-005
2.18379460e+002	1.84704228e-005
2.18472824e+002	1.81837344e-005
2.18566189e+002	1.79001598e-005
2.18659553e+002	1.76198494e-005
2.18752918e+002	1.73429614e-005
2.18846282e+002	1.70696625e-005
2.18939647e+002	1.68001277e-005
2.19033011e+002	1.65345412e-005
2.19126375e+002	1.62730962e-005
2.19219740e+002	1.61709865e-005
2.19313104e+002	1.61532165e-005
2.19406469e+002	1.61369381e-005
2.19499833e+002	1.61221560e-005
2.19593198e+002	1.61088743e-005
2.19686562e+002	1.60970966e-005
2.19779927e+002	1.60868263e-005
2.19873291e+002	1.60780663e-005
2.19966656e+002	1.60708190e-005
2.20060020e+002	1.60650865e-005
2.20153384e+002	1.60608704e-005
2.20246749e+002	1.60581719e-005
2.20340113e+002	1.60569918e-005
2.20433478e+002	1.60573304e-005
2.20526842e+002	1.60591875e-005
2.20620207e+002	1.60625628e-005
2.20713571e+002	1.60674552e-005
2.20806936e+002	1.60738633e-005
2.20900300e+002	1.60817853e-005
2.20993665e+002	1.60912190e-005
2.21087029e+002	1.61021618e-005
2.21180393e+002	1.61146105e-005
2.21273758e+002	1.61285616e-005
2.21367122e+002	1.61440114e-005
2.21460487e+002	1.61609554e-005
2.21553851e+002	1.61793890e-005
2.21647216e+002	1.61993071e-005
2.21740580e+002	1.62207042e-005
2.21833945e+002	1.62435746e-005
2.21927309e+002	1.62679118e-005
2.22020674e+002	1.62937095e-005
2.22114038e+002	1.63209607e-005
2.22207402e+002	1.63496580e-005
2.22300767e+002	1.63528150e-005
2.22394131e+002	1.63429943e-005
2.22487496e+002	1.63340516e-005
2.22580860e+002	1.63259882e-005
2.22674225e+002	1.63860841e-005
2.22767589e+002	1.65956012e-005
2.22860954e+002	1.69107221e-005
2.22954318e+002	1.72310609e-005
2.23047683e+002	1.75547211e-005
2.23141047e+002	1.78815224e-005
2.23234411e+002	1.82112955e-005
2.23327776e+002	1.85438821e-005
2.23421140e+002	1.88791333e-005
2.23514505e+002	1.92169098e-005
2.23607869e+002	1.95570807e-005
2.23701234e+002	1.98995232e-005
2.23794598e+002	2.02441220e-005
2.23887963e+002	2.05907688e-005
2.23981327e+002	2.09393620e-005
2.24074692e+002	2.12898060e-005
2.24168056e+002	2.16420108e-005
2.24261420e+002	2.19958918e-005
2.24354785e+002	2.23513695e-005
2.24448149e+002	2.27083688e-005
2.24541514e+002	2.30668191e-005
2.24634878e+002	2.34266538e-005
2.24728243e+002	2.37878101e-005
2.24821607e+002	2.41502286e-005
2.24914972e+002	2.45138535e-005
2.25008336e+002	2.48786317e-005
2.25101701e+002	2.52371150e-005
2.25195065e+002	2.53281223e-005
2.25288429e+002	2.54225302e-005
2.25381794e+002	2.55203007e-005
2.25475158e+002	2.56213955e-005
2.25568523e+002	2.57257753e-005
2.25661887e+002	2.58334004e-005
2.25755252e+002	2.59442303e-005
2.25848616e+002	2.60582241e-005
2.25941981e+002	2.61753405e-005
2.26035345e+002	2.62955378e-005
2.26128710e+002	2.64187740e-005
2.26222074e+002	2.65450066e-005
2.26315438e+002	2.66741933e-005
2.26408803e+002	2.68062912e-005
2.26502167e+002	2.69412575e-005
2.26595532e+002	2.70790493e-005
2.26688896e+002	2.72196238e-005
2.26782261e+002	2.73629381e-005
2.26875625e+002	2.75089493e-005
2.26968990e+002	2.76576147e-005
2.27062354e+002	2.78088917e-005
2.27155719e+002	2.79627380e-005
2.27249083e+002	2.81191114e-005
2.27342447e+002	2.82779699e-005
2.27435812e+002	2.84392720e-005
2.27529176e+002	2.86029763e-005
2.27622541e+002	2.87690417e-005
2.27715905e+002	2.89141502e-005
2.27809270e+002	2.90449756e-005
2.27902634e+002	2.91730490e-005
2.27995999e+002	2.92959675e-005
2.28089363e+002	2.94534864e-005
2.28182728e+002	2.96128310e-005
2.28276092e+002	2.97739718e-005
2.28369456e+002	2.99368800e-005
2.28462821e+002	3.01015268e-005
2.28556185e+002	3.02678838e-005
2.28649550e+002	3.04359229e-005
2.28742914e+002	3.06056166e-005
2.28836279e+002	3.07769374e-005
2.28929643e+002	3.09498583e-005
2.29023008e+002	3.11243527e-005
2.29116372e+002	3.13003941e-005
2.29209737e+002	3.14779567e-005
2.29303101e+002	3.16570148e-005
2.29396465e+002	3.18375433e-005
2.29489830e+002	3.20195173e-005
2.29583194e+002	3.22029122e-005
2.29676559e+002	3.23877039e-005
2.29769923e+002	3.25738686e-005
2.29863288e+002	3.27613830e-005
2.29956652e+002	3.29502240e-005
2.30050017e+002	3.31403689e-005
2.30143381e+002	3.33317954e-005
2.30236746e+002	3.35244816e-005
2.30330110e+002	3.37184058e-005
2.30423474e+002	3.39135468e-005
2.30516839e+002	3.41098838e-005
2.30610203e+002	3.43073961e-005
2.30703568e+002	3.45060637e-005
2.30796932e+002	3.47058666e-005
2.30890297e+002	3.49067854e-005
2.30983661e+002	3.51088010e-005
2.31077026e+002	3.53118944e-005
2.31170390e+002	3.55160473e-005
2.31263755e+002	3.57212413e-005
2.31357119e+002	3.59274588e-005
2.31450483e+002	3.61346822e-005
2.31543848e+002	3.63428943e-005
2.31637212e+002	3.65520781e-005
2.31730577e+002	3.67622171e-005
2.31823941e+002	3.69732950e-005
2.31917306e+002	3.71852959e-005
2.32010670e+002	3.73540761e-005
2.32104035e+002	3.75026705e-005
2.32197399e+002	3.75955969e-005
2.32290764e+002	3.77703188e-005
2.32384128e+002	3.79574991e-005
2.32477492e+002	3.81473718e-005
2.32570857e+002	3.83398971e-005
2.32664221e+002	3.85350351e-005
2.32757586e+002	3.87327465e-005
2.32850950e+002	3.89329919e-005
2.32944315e+002	3.91357325e-005
2.33037679e+002	3.93409297e-005
2.33131044e+002	3.95485453e-005
2.33224408e+002	3.97585414e-005
2.33317773e+002	3.99708805e-005
2.33411137e+002	4.01855253e-005
2.33504502e+002	4.04024393e-005
2.33597866e+002	4.06215860e-005
2.33691230e+002	4.08429294e-005
2.33784595e+002	4.10664342e-005
2.33877959e+002	4.12920651e-005
2.33971324e+002	4.15197875e-005
2.34064688e+002	4.17495672e-005
2.34158053e+002	4.19813703e-005
2.34251417e+002	4.22151637e-005
2.34344782e+002	4.24509143e-005
2.34438146e+002	4.26885899e-005
2.34531511e+002	4.29281582e-005
2.34624875e+002	4.31695880e-005
2.34718239e+002	4.34128481e-005
2.34811604e+002	4.36579079e-005
2.34904968e+002	4.39047373e-005
2.34998333e+002	4.41533066e-005
2.35091697e+002	4.44035866e-005
2.35185062e+002	4.46555486e-005
2.35278426e+002	4.49091641e-005
2.35371791e+002	4.51644054e-005
2.35465155e+002	4.54212451e-005
2.35558520e+002	4.56796561e-005
2.35651884e+002	4.59396121e-005
2.35745248e+002	4.62010868e-005
2.35838613e+002	4.64640547e-005
2.35931977e+002	4.67284905e-005
2.36025342e+002	4.69943695e-005
2.36118706e+002	4.72616673e-005
2.36212071e+002	4.75303600e-005
2.36305435e+002	4.78004241e-005
2.36398800e+002	4.80718363e-005
2.36492164e+002	4.83445741e-005
2.36585529e+002	4.86677847e-005
2.36678893e+002	4.90059768e-005
2.36772257e+002	4.92376251e-005
2.36865622e+002	4.94094183e-005
2.36958986e+002	4.95481220e-005
2.37052351e+002	4.96871446e-005
2.37145715e+002	4.98264835e-005
2.37239080e+002	4.99661360e-005
2.37332444e+002	5.01060994e-005
2.37425809e+002	5.02463712e-005
2.37519173e+002	5.03869487e-005
2.37612538e+002	5.05278295e-005
2.37705902e+002	5.06690110e-005
2.37799266e+002	5.08104907e-005
2.37892631e+002	5.09522661e-005
2.37985995e+002	5.10943348e-005
2.38079360e+002	5.12366943e-005
2.38172724e+002	5.13793421e-005
2.38266089e+002	5.15222760e-005
2.38359453e+002	5.16654935e-005
2.38452818e+002	5.18089923e-005
2.38546182e+002	5.19527700e-005
2.38639547e+002	5.20968244e-005
2.38732911e+002	5.22411530e-005
2.38826275e+002	5.23857538e-005
2.38919640e+002	5.25306244e-005
2.39013004e+002	5.26757626e-005
2.39106369e+002	5.28211662e-005
2.39199733e+002	5.29668331e-005
2.39293098e+002	5.31127609e-005
2.39386462e+002	5.32589477e-005
2.39479827e+002	5.34053913e-005
2.39573191e+002	5.35520895e-005
2.39666556e+002	5.36990403e-005
2.39759920e+002	5.38462416e-005
2.39853284e+002	5.39936914e-005
2.39946649e+002	5.41413876e-005
2.40040013e+002	5.42893282e-005
2.40133378e+002	5.44375113e-005
2.40226742e+002	5.45859348e-005
2.40320107e+002	5.47345968e-005
2.40413471e+002	5.48834954e-005
2.40506836e+002	5.50326287e-005
2.40600200e+002	5.51819946e-005
2.40693565e+002	5.53315914e-005
2.40786929e+002	5.54814173e-005
2.40880293e+002	5.56314702e-005
2.40973658e+002	5.57817485e-005
2.41067022e+002	5.60304414e-005
2.41160387e+002	5.62926645e-005
2.41253751e+002	5.65803248e-005
2.41347116e+002	5.66973164e-005
2.41440480e+002	5.67773302e-005
2.41533845e+002	5.68574645e-005
2.41627209e+002	5.69377188e-005
2.41720574e+002	5.70180924e-005
2.41813938e+002	5.70985850e-005
2.41907302e+002	5.71791960e-005
2.42000667e+002	5.72599249e-005
2.42094031e+002	5.73407712e-005
2.42187396e+002	5.74217345e-005
2.42280760e+002	5.75028141e-005
2.42374125e+002	5.75840098e-005
2.42467489e+002	5.76653208e-005
2.42560854e+002	5.77467468e-005
2.42654218e+002	5.78282873e-005
2.42747583e+002	5.79099418e-005
2.42840947e+002	5.79917098e-005
2.42934311e+002	5.80735908e-005
2.43027676e+002	5.81555844e-005
2.43121040e+002	5.82376901e-005
2.43214405e+002	5.83199073e-005
2.43307769e+002	5.84022357e-005
2.43401134e+002	5.84846748e-005
2.43494498e+002	5.85672240e-005
2.43587863e+002	5.86498830e-005
2.43681227e+002	5.87326512e-005
2.43774592e+002	5.88155283e-005
2.43867956e+002	5.88985137e-005
2.43961320e+002	5.89816070e-005
2.44054685e+002	5.90648077e-005
2.44148049e+002	5.91481154e-005
2.44241414e+002	5.92315296e-005
2.44334778e+002	5.93150499e-005
2.44428143e+002	5.93986759e-005
2.44521507e+002	5.94824070e-005
2.44614872e+002	5.95662428e-005
2.44708236e+002	5.96501830e-005
2.44801601e+002	5.97342270e-005
2.44894965e+002	5.98183745e-005
2.44988329e+002	5.99026249e-005
2.45081694e+002	5.99869779e-005
2.45175058e+002	6.00714330e-005
2.45268423e+002	6.01559899e-005
2.45361787e+002	6.02406479e-005
2.45455152e+002	6.03254068e-005
2.45548516e+002	6.04009144e-005
2.45641881e+002	6.04703678e-005
2.45735245e+002	6.06029521e-005
2.45828610e+002	6.07425233e-005
2.45921974e+002	6.08741779e-005
2.46015338e+002	6.10077946e-005
2.46108703e+002	6.11433605e-005
2.46202067e+002	6.12808626e-005
2.46295432e+002	6.14202880e-005
2.46388796e+002	6.15616235e-005
2.46482161e+002	6.17048561e-005
2.46575525e+002	6.18499726e-005
2.46668890e+002	6.19969597e-005
2.46762254e+002	6.21458041e-005
2.46855619e+002	6.22964926e-005
2.46948983e+002	6.24490119e-005
2.47042347e+002	6.26033484e-005
2.47135712e+002	6.27594888e-005
2.47229076e+002	6.29174198e-005
2.47322441e+002	6.30771278e-005
2.47415805e+002	6.32371389e-005
2.47509170e+002	6.32220712e-005
2.47602534e+002	6.32079792e-005
2.47695899e+002	6.31948634e-005
2.47789263e+002	6.31827246e-005
2.47882628e+002	6.31715632e-005
2.47975992e+002	6.31613798e-005
2.48069356e+002	6.31521749e-005
2.48162721e+002	6.31439489e-005
2.48256085e+002	6.31367021e-005
2.48349450e+002	6.31304350e-005
2.48442814e+002	6.31251477e-005
2.48536179e+002	6.31208406e-005
2.48629543e+002	6.31175138e-005
2.48722908e+002	6.31151676e-005
2.48816272e+002	6.31138019e-005
2.48909637e+002	6.31514362e-005
2.49003001e+002	6.32760413e-005
2.49096365e+002	6.34010278e-005
2.49189730e+002	6.35263933e-005
2.49283094e+002	6.36521356e-005
2.49376459e+002	6.37782525e-005
2.49469823e+002	6.39047418e-005
2.49563188e+002	6.40316012e-005
2.49656552e+002	6.41588286e-005
2.49749917e+002	6.42724973e-005
2.49843281e+002	6.42233306e-005
2.49936646e+002	6.41743931e-005
2.50030010e+002	6.41256852e-005
2.50123374e+002	6.40772075e-005
2.50216739e+002	6.40289606e-005
2.50310103e+002	6.39809449e-005
2.50403468e+002	6.39331609e-005
2.50496832e+002	6.38856092e-005
2.50590197e+002	6.38382903e-005
2.50683561e+002	6.37912048e-005
2.50776926e+002	6.37443531e-005
2.50870290e+002	6.36977357e-005
2.50963655e+002	6.36513532e-005
2.51057019e+002	6.36052060e-005
2.51150383e+002	6.35592948e-005
2.51243748e+002	6.35136199e-005
2.51337112e+002	6.34681820e-005
2.51430477e+002	6.34229815e-005
2.51523841e+002	6.33780189e-005
2.51617206e+002	6.33332948e-005
2.51710570e+002	6.32888096e-005
2.51803935e+002	6.32445638e-005
2.51897299e+002	6.32005580e-005
2.51990664e+002	6.31567926e-005
2.52084028e+002	6.31183024e-005
2.52177392e+002	6.29878560e-005
2.52270757e+002	6.28616643e-005
2.52364121e+002	6.27355320e-005
2.52457486e+002	6.26094595e-005
2.52550850e+002	6.24834472e-005
2.52644215e+002	6.23574953e-005
2.52737579e+002	6.22316044e-005
2.52830944e+002	6.21057746e-005
2.52924308e+002	6.19800065e-005
2.53017673e+002	6.18543004e-005
2.53111037e+002	6.17286566e-005
2.53204401e+002	6.16030756e-005
2.53297766e+002	6.14775578e-005
2.53391130e+002	6.13521035e-005
2.53484495e+002	6.12267130e-005
2.53577859e+002	6.11013869e-005
2.53671224e+002	6.09761255e-005
2.53764588e+002	6.08509293e-005
2.53857953e+002	6.07257985e-005
2.53951317e+002	6.06007336e-005
2.54044682e+002	6.04757351e-005
2.54138046e+002	6.03508033e-005
2.54231410e+002	6.02259386e-005
2.54324775e+002	6.01011415e-005
2.54418139e+002	5.99764124e-005
2.54511504e+002	5.98517517e-005
2.54604868e+002	5.97271599e-005
2.54698233e+002	5.96026374e-005
2.54791597e+002	5.94781845e-005
2.54884962e+002	5.93538018e-005
2.54978326e+002	5.92294897e-005
2.55071691e+002	5.91052486e-005
2.55165055e+002	5.89810791e-005
2.55258419e+002	5.88569814e-005
2.55351784e+002	5.87329562e-005
2.55445148e+002	5.86090038e-005
2.55538513e+002	5.84851247e-005
2.55631877e+002	5.83613194e-005
2.55725242e+002	5.81611844e-005
2.55818606e+002	5.78923361e-005
2.55911971e+002	5.76235546e-005
2.56005335e+002	5.73548409e-005
2.56098700e+002	5.70861959e-005
2.56192064e+002	5.68176207e-005
2.56285428e+002	5.65491161e-005
2.56378793e+002	5.62806832e-005
2.56472157e+002	5.60123231e-005
2.56565522e+002	5.57440368e-005
2.56658886e+002	5.54758253e-005
2.56752251e+002	5.52076898e-005
2.56845615e+002	5.49396313e-005
2.56938980e+002	5.46716511e-005
2.57032344e+002	5.44037502e-005
2.57125709e+002	5.41359298e-005
2.57219073e+002	5.38681911e-005
2.57312437e+002	5.36005355e-005
2.57405802e+002	5.33329640e-005
2.57499166e+002	5.30654780e-005
2.57592531e+002	5.27980788e-005
2.57685895e+002	5.25307677e-005
2.57779260e+002	5.22635460e-005
2.57872624e+002	5.19964152e-005
2.57965989e+002	5.17293766e-005
2.58059353e+002	5.14624317e-005
2.58152718e+002	5.12222293e-005
2.58246082e+002	5.09967670e-005
2.58339446e+002	5.07038199e-005
2.58432811e+002	5.03510848e-005
2.58526175e+002	4.99960853e-005
2.58619540e+002	4.96414099e-005
2.58712904e+002	4.92870654e-005
2.58806269e+002	4.89330591e-005
2.58899633e+002	4.85793984e-005
2.58992998e+002	4.82260908e-005
2.59086362e+002	4.78731442e-005
2.59179727e+002	4.75205666e-005
2.59273091e+002	4.71683664e-005
2.59366455e+002	4.68165520e-005
2.59459820e+002	4.64651321e-005
2.59553184e+002	4.61141159e-005
2.59646549e+002	4.57635125e-005
2.59739913e+002	4.54133316e-005
2.59833278e+002	4.50635830e-005
2.59926642e+002	4.47142768e-005
2.60020007e+002	4.43654236e-005
2.60113371e+002	4.40170340e-005
2.60206736e+002	4.36691192e-005
2.60300100e+002	4.33168051e-005
2.60393464e+002	4.29121081e-005
2.60486829e+002	4.25076918e-005
2.60580193e+002	4.21035641e-005
2.60673558e+002	4.16997336e-005
2.60766922e+002	4.12962089e-005
2.60860287e+002	4.08929991e-005
2.60953651e+002	4.04901136e-005
2.61047016e+002	4.00875621e-005
2.61140380e+002	3.96853549e-005
2.61233745e+002	3.92835025e-005
2.61327109e+002	3.88820160e-005
2.61420473e+002	3.84809067e-005
2.61513838e+002	3.80801865e-005
2.61607202e+002	3.76798680e-005
2.61700567e+002	3.72799640e-005
2.61793931e+002	3.68804881e-005
2.61887296e+002	3.64814542e-005
2.61980660e+002	3.60828771e-005
2.62074025e+002	3.56847720e-005
2.62167389e+002	3.52871550e-005
2.62260754e+002	3.48883186e-005
2.62354118e+002	3.44065562e-005
2.62447482e+002	3.39252176e-005
2.62540847e+002	3.34443211e-005
2.62634211e+002	3.29638862e-005
2.62727576e+002	3.24839332e-005
2.62820940e+002	3.20044840e-005
2.62914305e+002	3.15255613e-005
2.63007669e+002	3.10471897e-005
2.63101034e+002	3.05693950e-005
2.63194398e+002	3.02203319e-005
2.63287763e+002	2.99086174e-005
2.63381127e+002	2.95982417e-005
2.63474491e+002	2.92892476e-005
2.63567856e+002	2.89816790e-005
2.63661220e+002	2.86774784e-005
2.63754585e+002	2.84946264e-005
2.63847949e+002	2.83186212e-005
2.63941314e+002	2.81495911e-005
2.64034678e+002	2.79876626e-005
2.64128043e+002	2.78329596e-005
2.64221407e+002	2.76856032e-005
2.64314772e+002	2.75457113e-005
2.64408136e+002	2.74133982e-005
2.64501501e+002	2.72756928e-005
2.64594865e+002	2.71220605e-005
2.64688229e+002	2.69717214e-005
2.64781594e+002	2.68247309e-005
2.64874958e+002	2.66811443e-005
2.64968323e+002	2.65410168e-005
2.65061687e+002	2.64044036e-005
2.65155052e+002	2.62713594e-005
2.65248416e+002	2.61419387e-005
2.65341781e+002	2.60161957e-005
2.65435145e+002	2.58941838e-005
2.65528510e+002	2.57759561e-005
2.65621874e+002	2.56615649e-005
2.65715238e+002	2.55510617e-005
2.65808603e+002	2.54444971e-005
2.65901967e+002	2.53419209e-005
2.65995332e+002	2.52433817e-005
2.66088696e+002	2.51489269e-005
2.66182061e+002	2.50586027e-005
2.66275425e+002	2.49724539e-005
2.66368790e+002	2.48905239e-005
2.66462154e+002	2.48128545e-005
2.66555519e+002	2.47394857e-005
2.66648883e+002	2.46704561e-005
2.66742247e+002	2.46058020e-005
2.66835612e+002	2.45455581e-005
2.66928976e+002	2.44897570e-005
2.67022341e+002	2.44895928e-005
2.67115705e+002	2.45459977e-005
2.67209070e+002	2.46057810e-005
2.67302434e+002	2.46689180e-005
2.67395799e+002	2.47353831e-005
2.67489163e+002	2.48051496e-005
2.67582528e+002	2.48781896e-005
2.67675892e+002	2.49544744e-005
2.67769256e+002	2.50339744e-005
2.67862621e+002	2.51166591e-005
2.67955985e+002	2.52024970e-005
2.68049350e+002	2.52914561e-005
2.68142714e+002	2.53835035e-005
2.68236079e+002	2.54786058e-005
2.68329443e+002	2.55767290e-005
2.68422808e+002	2.56778383e-005
2.68516172e+002	2.57818987e-005
2.68609537e+002	2.58888745e-005
2.68702901e+002	2.59987298e-005
2.68796265e+002	2.60839734e-005
2.68889630e+002	2.61478416e-005
2.68982994e+002	2.62163549e-005
2.69076359e+002	2.62894771e-005
2.69169723e+002	2.63671698e-005
2.69263088e+002	2.64493926e-005
2.69356452e+002	2.65361036e-005
2.69449817e+002	2.67336951e-005
2.69543181e+002	2.69492889e-005
2.69636546e+002	2.71656321e-005
2.69729910e+002	2.73827069e-005
2.69823274e+002	2.76004960e-005
2.69916639e+002	2.78189827e-005
2.70010003e+002	2.80381506e-005
2.70103368e+002	2.82357247e-005
2.70196732e+002	2.83412514e-005
2.70290097e+002	2.84468989e-005
2.70383461e+002	2.85526658e-005
2.70476826e+002	2.86585508e-005
2.70570190e+002	2.87645526e-005
2.70663555e+002	2.88706699e-005
2.70756919e+002	2.89769015e-005
2.70850283e+002	2.90832460e-005
2.70943648e+002	2.91897023e-005
2.71037012e+002	2.92962692e-005
2.71130377e+002	2.94029454e-005
2.71223741e+002	2.95097298e-005
2.71317106e+002	2.96166211e-005
2.71410470e+002	2.97236183e-005
2.71503835e+002	2.98307201e-005
2.71597199e+002	2.99379256e-005
2.71690564e+002	3.00452335e-005
2.71783928e+002	3.01526427e-005
2.71877292e+002	3.02601523e-005
2.71970657e+002	3.03677610e-005
2.72064021e+002	3.04754680e-005
2.72157386e+002	3.05832720e-005
2.72250750e+002	3.06911722e-005
2.72344115e+002	3.07991675e-005
2.72437479e+002	3.09072568e-005
2.72530844e+002	3.10154393e-005
2.72624208e+002	3.11534558e-005
2.72717573e+002	3.13644622e-005
2.72810937e+002	3.15755219e-005
2.72904301e+002	3.17866337e-005
2.72997666e+002	3.19977967e-005
2.73091030e+002	3.22090098e-005
2.73184395e+002	3.24202721e-005
2.73277759e+002	3.26315826e-005
2.73371124e+002	3.28429404e-005
2.73464488e+002	3.30543446e-005
2.73557853e+002	3.32657943e-005
2.73651217e+002	3.34772886e-005
2.73744582e+002	3.36888267e-005
2.73837946e+002	3.39004077e-005
2.73931310e+002	3.41120310e-005
2.74024675e+002	3.43236956e-005
2.74118039e+002	3.45354008e-005
2.74211404e+002	3.47471459e-005
2.74304768e+002	3.49589302e-005
2.74398133e+002	3.51891046e-005
2.74491497e+002	3.54243490e-005
2.74584862e+002	3.56596439e-005
2.74678226e+002	3.58949882e-005
2.74771591e+002	3.61303809e-005
2.74864955e+002	3.63658212e-005
2.74958319e+002	3.66013082e-005
2.75051684e+002	3.68368408e-005
2.75145048e+002	3.70724183e-005
2.75238413e+002	3.73080398e-005
2.75331777e+002	3.75437045e-005
2.75425142e+002	3.77794115e-005
2.75518506e+002	3.80196626e-005
2.75611871e+002	3.82713301e-005
2.75705235e+002	3.85232538e-005
2.75798600e+002	3.87754289e-005
2.75891964e+002	3.90278503e-005
2.75985328e+002	3.92805135e-005
2.76078693e+002	3.95334136e-005
2.76172057e+002	3.97865463e-005
2.76265422e+002	4.00399071e-005
2.76358786e+002	4.01775488e-005
2.76452151e+002	4.02449905e-005
2.76545515e+002	4.03126806e-005
2.76638880e+002	4.03806179e-005
2.76732244e+002	4.04488011e-005
2.76825609e+002	4.05172291e-005
2.76918973e+002	4.05859005e-005
2.77012337e+002	4.06548141e-005
2.77105702e+002	4.07239688e-005
2.77199066e+002	4.07933632e-005
2.77292431e+002	4.08629962e-005
2.77385795e+002	4.09328665e-005
2.77479160e+002	4.10029729e-005
2.77572524e+002	4.10733143e-005
2.77665889e+002	4.11278330e-005
2.77759253e+002	4.11936762e-005
2.77852618e+002	4.12579029e-005
2.77945982e+002	4.13161244e-005
2.78039346e+002	4.13756576e-005
2.78132711e+002	4.14364970e-005
2.78226075e+002	4.14986367e-005
2.78319440e+002	4.15620709e-005
2.78412804e+002	4.14706754e-005
2.78506169e+002	4.02106132e-005
2.78599533e+002	3.88156197e-005
2.78692898e+002	3.75194054e-005
2.78786262e+002	3.55773054e-005
2.78879627e+002	3.32393745e-005
2.78972991e+002	3.09362234e-005
2.79066355e+002	2.86762335e-005
2.79159720e+002	2.78450776e-005
2.79253084e+002	2.74676995e-005
2.79346449e+002	2.70907707e-005
2.79439813e+002	2.67143102e-005
2.79533178e+002	2.63383382e-005
2.79626542e+002	2.59112753e-005
2.79719907e+002	2.54616332e-005
2.79813271e+002	2.50146693e-005
2.79906636e+002	2.45705295e-005
2.80000000e+002	0.00000000e+000
