x (m) ,σx (m) ,β (T/A),σβ (T/A),β (T/A),σβ (T/A),β (T/A),σβ (T/A),β (T/A),σβ (T/A)
0.940,0.001,-1.215E-03,-4.511E-06,-1.452E-03,-1.471E-05,-1.254E-03,-1.244E-05,-1.694E-03,-8.252E-06
0.942,0.001,-8.782E-04,-2.845E-06,-1.137E-03,-3.253E-06,-8.962E-04,-2.406E-06,-1.380E-03,-6.932E-06
0.944,0.001,-3.741E-04,-2.187E-06,-6.359E-04,-2.169E-06,-3.356E-04,-1.438E-06,-8.580E-04,-4.876E-06
0.946,0.001,2.685E-04,2.104E-06,1.034E-03,3.016E-06,3.030E-04,1.399E-06,-2.118E-04,-1.008E-06
0.948,0.001,1.180E-03,3.370E-06,1.087E-03,3.137E-06,1.248E-03,1.244E-05,9.481E-04,5.211E-06
0.950,0.001,2.362E-03,2.083E-05,2.126E-03,1.525E-05,2.615E-03,1.353E-05,1.983E-03,9.493E-06
0.952,0.001,3.663E-03,2.180E-05,3.641E-03,1.704E-05,3.707E-03,1.484E-05,3.321E-03,3.283E-05
0.954,0.001,5.274E-03,2.347E-05,5.473E-03,2.002E-05,5.563E-03,1.769E-05,5.419E-03,3.819E-05
0.956,0.001,7.083E-03,2.585E-05,7.273E-03,2.351E-05,7.075E-03,2.040E-05,6.908E-03,4.290E-05
0.958,0.001,8.960E-03,2.874E-05,8.968E-03,2.711E-05,9.168E-03,2.448E-05,9.050E-03,5.050E-05
0.960,0.001,1.099E-02,3.223E-05,1.095E-02,3.156E-05,1.112E-02,2.851E-05,1.144E-02,5.973E-05
0.962,0.001,1.322E-02,3.636E-05,1.298E-02,3.630E-05,1.354E-02,1.250E-04,1.359E-02,6.846E-05
0.964,0.001,1.517E-02,4.015E-05,1.523E-02,1.476E-04,1.536E-02,1.261E-04,1.593E-02,7.824E-05
0.966,0.001,1.703E-02,4.390E-05,1.708E-02,1.489E-04,1.693E-02,1.272E-04,1.800E-02,8.703E-05
0.968,0.001,1.859E-02,4.710E-05,1.864E-02,1.502E-04,1.850E-02,1.283E-04,1.943E-02,9.320E-05
0.970,0.001,2.010E-02,5.024E-05,1.964E-02,1.510E-04,1.971E-02,1.293E-04,2.053E-02,9.799E-05
0.972,0.001,2.072E-02,2.067E-04,2.049E-02,1.518E-04,2.056E-02,1.300E-04,2.143E-02,1.019E-04
0.974,0.001,2.133E-02,2.070E-04,2.106E-02,1.523E-04,2.104E-02,1.304E-04,2.193E-02,1.041E-04
0.976,0.001,2.133E-02,2.070E-04,2.106E-02,1.523E-04,2.116E-02,1.305E-04,2.191E-02,1.040E-04
0.978,0.001,2.092E-02,2.068E-04,2.078E-02,1.520E-04,2.080E-02,1.302E-04,2.156E-02,1.025E-04
0.980,0.001,2.012E-02,2.064E-04,2.007E-02,1.514E-04,1.995E-02,1.295E-04,2.087E-02,9.946E-05
0.982,0.001,1.910E-02,4.816E-05,1.879E-02,1.503E-04,1.899E-02,1.287E-04,1.956E-02,9.379E-05
0.984,0.001,1.770E-02,4.527E-05,1.722E-02,1.491E-04,1.741E-02,1.275E-04,1.809E-02,8.742E-05
0.986,0.001,1.591E-02,4.164E-05,1.580E-02,1.480E-04,1.572E-02,1.263E-04,1.613E-02,7.909E-05
0.988,0.001,1.397E-02,3.780E-05,1.382E-02,3.831E-05,1.367E-02,1.250E-04,1.437E-02,7.167E-05
0.990,0.001,1.168E-02,3.348E-05,1.185E-02,3.364E-05,1.172E-02,2.976E-05,1.221E-02,6.279E-05
0.992,0.001,9.843E-03,3.022E-05,9.899E-03,2.918E-05,9.573E-03,2.530E-05,9.701E-03,5.295E-05
0.994,0.001,7.924E-03,2.710E-05,7.875E-03,2.476E-05,7.413E-03,2.103E-05,7.824E-03,4.605E-05
0.996,0.001,5.900E-03,2.424E-05,5.892E-03,2.079E-05,5.946E-03,1.835E-05,5.806E-03,3.936E-05
0.998,0.001,4.281E-03,2.238E-05,4.273E-03,1.798E-05,4.181E-03,1.551E-05,4.046E-03,3.448E-05
1.000,0.001,2.795E-03,2.111E-05,2.831E-03,1.599E-05,2.607E-03,1.352E-05,2.828E-03,1.321E-05